{
  "description": "3D-fitted LH2 calibration and basestation poses. World is the measured calibration-point frame.",
  "model": "image-abs",
  "basestations": {
    "4": {
      "observations": 72,
      "rmse_image_abs_initial": 0.8134510390671962,
      "rmse_image_abs_final": 0.2734394412623975,
      "coefficients": {
        "A0": 0.00315641,
        "B0": -121.7511,
        "A1": 0.00307607,
        "B1": -234.6501
      },
      "elevation_sign": 1.0,
      "modes_by_sensor": {
        "0": "normal",
        "1": "normal",
        "2": "swapped",
        "3": "swapped"
      },
      "T_bs_from_world": [
        [
          0.5812080592238961,
          0.8113296102368855,
          -0.06278101182726806,
          0.2051349994752091
        ],
        [
          0.8084028728622706,
          -0.5844983860556773,
          -0.06961631882206833,
          7.999999999999999
        ],
        [
          -0.09317718090401603,
          -0.010290784769477385,
          -0.9955963603326442,
          6.438366615504365
        ],
        [
          0.0,
          0.0,
          0.0,
          1.0
        ]
      ],
      "T_world_from_bs": [
        [
          0.581208059223896,
          0.8084028728622706,
          -0.09317718090401604,
          -5.986540246962818
        ],
        [
          0.8113296102368855,
          -0.5844983860556775,
          -0.010290784769477371,
          4.5758108343823976
        ],
        [
          -0.06278101182726807,
          -0.06961631882206834,
          -0.9955963603326445,
          6.97982350228814
        ],
        [
          0.0,
          0.0,
          0.0,
          1.0
        ]
      ]
    },
    "10": {
      "observations": 72,
      "rmse_image_abs_initial": 0.8834807538845031,
      "rmse_image_abs_final": 0.23756833524825677,
      "coefficients": {
        "A0": 0.00327992,
        "B0": -126.1425,
        "A1": 0.00317364,
        "B1": -236.6446
      },
      "elevation_sign": 1.0,
      "modes_by_sensor": {
        "0": "swapped",
        "1": "normal",
        "2": "normal",
        "3": "normal"
      },
      "T_bs_from_world": [
        [
          0.34146425802779157,
          0.712778001728754,
          -0.6126578822973661,
          0.24406729273315825
        ],
        [
          0.9328448458830033,
          -0.336697779942143,
          0.12819944809377098,
          7.999999999999999
        ],
        [
          -0.1149028023985707,
          -0.6152902772136057,
          -0.7798815427790035,
          6.186249305493499
        ],
        [
          0.0,
          0.0,
          0.0,
          1.0
        ]
      ],
      "T_world_from_bs": [
        [
          0.34146425802779184,
          0.9328448458830039,
          -0.11490280239857083,
          -6.835281642548595
        ],
        [
          0.7127780017287546,
          -0.3366977799421432,
          -0.6152902772136062,
          6.325955492425031
        ],
        [
          -0.6126578822973666,
          0.1281994480937711,
          -0.779881542779004,
          3.9484758183375916
        ],
        [
          0.0,
          0.0,
          0.0,
          1.0
        ]
      ]
    }
  }
}
