{
  "description": "Relative Lighthouse calibration from LH2A wave PnP. BS4 is the world/reference frame.",
  "input_wave": "config\\lh2a_wave_record.json",
  "world_bs": 4,
  "other_bs": 10,
  "transform_world_from_other": [
    [
      0.760073144762393,
      -0.1545718887211897,
      0.6311864588441121,
      -1.2284213388008585
    ],
    [
      0.3509691841811022,
      0.9150976349398809,
      -0.19853702496684936,
      0.31763806226143243
    ],
    [
      -0.5469089927641138,
      0.3724296574449999,
      0.7497911068351918,
      -0.021856879986048572
    ],
    [
      0.0,
      0.0,
      0.0,
      1.0
    ]
  ],
  "counters": {
    "frames_total": 239,
    "missing_or_unsolved": 150,
    "reproj_rejected": 0,
    "distance_rejected": 52,
    "used": 37
  },
  "num_transforms_total": 37,
  "num_transforms_used": 13,
  "cluster": {
    "translation_radius_m": 0.45,
    "rotation_radius_deg": 18.0,
    "clustered_count": 13
  },
  "quality": {
    "translation_median_error_m": 0.24037227862542299,
    "translation_p95_error_m": 0.4410005069989731,
    "rotation_median_error_deg": 8.544092242882792,
    "rotation_p95_error_deg": 11.095189140606431,
    "distance_m": 1.269011681357274
  },
  "frames": [
    {
      "frame_index": 5,
      "pc_time_s": 1779881804.7888799,
      "bs4_reproj_rmse": 0.0010963643435388803,
      "bs10_reproj_rmse": 0.00017382216174155474,
      "relative_distance_m": 1.5621419080345211,
      "transform_world_from_other": [
        [
          0.666803663036001,
          -0.07137903086869264,
          0.7418071911986415,
          -1.5062485032293549
        ],
        [
          0.328221159752826,
          0.921789405828327,
          -0.20633749439491172,
          0.41313220377600496
        ],
        [
          -0.6690618396323927,
          0.3810634136924018,
          0.6380806606478626,
          -0.028715319260702366
        ],
        [
          0.0,
          0.0,
          0.0,
          1.0
        ]
      ]
    },
    {
      "frame_index": 9,
      "pc_time_s": 1779881805.7962599,
      "bs4_reproj_rmse": 0.0005019879899919033,
      "bs10_reproj_rmse": 0.0003813368093688041,
      "relative_distance_m": 1.5235854607414923,
      "transform_world_from_other": [
        [
          0.696212176818406,
          -0.1538400870230043,
          0.7011574947717027,
          -1.4608876358486678
        ],
        [
          0.39492985747709314,
          0.8977406098232987,
          -0.19517224481778642,
          0.43252253382955824
        ],
        [
          -0.5994322418112815,
          0.4127893228983104,
          0.6857739878256208,
          -0.006650514041366629
        ],
        [
          0.0,
          0.0,
          0.0,
          1.0
        ]
      ]
    },
    {
      "frame_index": 14,
      "pc_time_s": 1779881807.0583007,
      "bs4_reproj_rmse": 4.276727850083262e-05,
      "bs10_reproj_rmse": 0.00030637747840955853,
      "relative_distance_m": 1.5463379766872816,
      "transform_world_from_other": [
        [
          0.7479565907989242,
          -0.11171441940528315,
          0.6542788601027784,
          -1.3721190945780573
        ],
        [
          0.4236120963009753,
          0.83922062611647,
          -0.3409714541837391,
          0.6931113053528168
        ],
        [
          -0.5109928865923123,
          0.5321922859245715,
          0.6750241778295318,
          0.16747252560262704
        ],
        [
          0.0,
          0.0,
          0.0,
          1.0
        ]
      ]
    },
    {
      "frame_index": 15,
      "pc_time_s": 1779881807.309414,
      "bs4_reproj_rmse": 0.00011204700422240421,
      "bs10_reproj_rmse": 0.0003663079405669123,
      "relative_distance_m": 1.2031042375261187,
      "transform_world_from_other": [
        [
          0.8056238632423471,
          -0.18800221746566464,
          0.5618054442620408,
          -1.1803766642885702
        ],
        [
          0.2923680265945825,
          0.9509545927942069,
          -0.1010262315876151,
          0.11875960647937178
        ],
        [
          -0.5152583119171059,
          0.24564309204941615,
          0.8210775501307637,
          -0.20016716170530113
        ],
        [
          0.0,
          0.0,
          0.0,
          1.0
        ]
      ]
    },
    {
      "frame_index": 17,
      "pc_time_s": 1779881807.8118794,
      "bs4_reproj_rmse": 0.0006790529005229473,
      "bs10_reproj_rmse": 0.00030345344566740096,
      "relative_distance_m": 1.4525640492355079,
      "transform_world_from_other": [
        [
          0.92355035832243,
          -0.10974056178330877,
          0.3674394436393514,
          -0.7517056557268654
        ],
        [
          0.3172822991821159,
          0.7568227761203453,
          -0.5714466100793713,
          1.2395368734040182
        ],
        [
          -0.2153756677719713,
          0.6443417529890318,
          0.733782683828666,
          -0.09181102194992352
        ],
        [
          0.0,
          0.0,
          0.0,
          1.0
        ]
      ]
    },
    {
      "frame_index": 25,
      "pc_time_s": 1779881809.832423,
      "bs4_reproj_rmse": 0.0006497474387288094,
      "bs10_reproj_rmse": 0.0004949716385453939,
      "relative_distance_m": 1.2462641675417683,
      "transform_world_from_other": [
        [
          0.7195443435946831,
          -0.477033146512835,
          0.504673473375568,
          -0.8996071075261391
        ],
        [
          0.21685559270886395,
          0.844733544573033,
          0.489284059196666,
          -0.8243083167299449
        ],
        [
          -0.6597193263136857,
          -0.2426203120127075,
          0.7112705495710283,
          0.2537660859076232
        ],
        [
          0.0,
          0.0,
          0.0,
          1.0
        ]
      ]
    },
    {
      "frame_index": 31,
      "pc_time_s": 1779881811.3466065,
      "bs4_reproj_rmse": 0.0002458847884554416,
      "bs10_reproj_rmse": 0.0013252092758193612,
      "relative_distance_m": 1.1233324722292024,
      "transform_world_from_other": [
        [
          0.9565285182972342,
          -0.04691466332340961,
          0.28784059485998276,
          -0.6849028432086959
        ],
        [
          -0.08543532853544934,
          0.898598891715228,
          0.4303729039405284,
          -0.8160769337192842
        ],
        [
          -0.27884403942372055,
          -0.43625571190921325,
          0.8555272967617383,
          0.3560932136120367
        ],
        [
          0.0,
          0.0,
          0.0,
          1.0
        ]
      ]
    },
    {
      "frame_index": 34,
      "pc_time_s": 1779881812.102375,
      "bs4_reproj_rmse": 0.0007519724313169718,
      "bs10_reproj_rmse": 0.003135876264423132,
      "relative_distance_m": 1.2620028863024713,
      "transform_world_from_other": [
        [
          0.7619158030380764,
          -0.6138038680932633,
          -0.20671023340558592,
          0.0718765031489429
        ],
        [
          0.32519715680902783,
          0.6385599113693684,
          -0.6974869524193766,
          1.0005944751616895
        ],
        [
          0.5601170576622077,
          0.46420475127436267,
          0.6861361604012278,
          0.7656995165250864
        ],
        [
          0.0,
          0.0,
          0.0,
          1.0
        ]
      ]
    },
    {
      "frame_index": 46,
      "pc_time_s": 1779881815.1212542,
      "bs4_reproj_rmse": 0.00012497114948928356,
      "bs10_reproj_rmse": 0.0011577557306736708,
      "relative_distance_m": 1.1168050894308608,
      "transform_world_from_other": [
        [
          0.7375348739066643,
          -0.2354937100562605,
          0.6329178637828278,
          -0.9999469074670111
        ],
        [
          0.27713682082156105,
          0.9602170325555587,
          0.034328310985472545,
          -0.19311263515680083
        ],
        [
          -0.6158226143268845,
          0.1500865180958475,
          0.773457526157362,
          0.45833099411738476
        ],
        [
          0.0,
          0.0,
          0.0,
          1.0
        ]
      ]
    },
    {
      "frame_index": 49,
      "pc_time_s": 1779881815.8765576,
      "bs4_reproj_rmse": 0.0003507428045850247,
      "bs10_reproj_rmse": 0.0003154150617774576,
      "relative_distance_m": 1.3250668224945263,
      "transform_world_from_other": [
        [
          0.7179537970711779,
          -0.25087469815618846,
          0.6493105813831466,
          -1.292256380665033
        ],
        [
          0.271014614689725,
          0.9599364234221462,
          0.07122598972340094,
          -0.2930013238761897
        ],
        [
          -0.641165675855826,
          0.12483568725544646,
          0.7571807097990563,
          0.005074929856695887
        ],
        [
          0.0,
          0.0,
          0.0,
          1.0
        ]
      ]
    },
    {
      "frame_index": 50,
      "pc_time_s": 1779881816.129925,
      "bs4_reproj_rmse": 0.000454343156889081,
      "bs10_reproj_rmse": 4.84885968035087e-05,
      "relative_distance_m": 1.1305551933748428,
      "transform_world_from_other": [
        [
          0.8066662371895045,
          -0.17800735763090833,
          0.5635627404360477,
          -1.1009992230750931
        ],
        [
          0.2952768273062926,
          0.9474090179612251,
          -0.12340076151173879,
          0.18980042366430516
        ],
        [
          -0.5119581789897063,
          0.26595024593898975,
          0.8168043153966162,
          -0.17300738490515322
        ],
        [
          0.0,
          0.0,
          0.0,
          1.0
        ]
      ]
    },
    {
      "frame_index": 51,
      "pc_time_s": 1779881816.3808742,
      "bs4_reproj_rmse": 2.859129017451778e-05,
      "bs10_reproj_rmse": 2.539592605899088e-05,
      "relative_distance_m": 1.1293220162908564,
      "transform_world_from_other": [
        [
          0.8173298402059378,
          -0.10131985005437587,
          0.5671915199418054,
          -1.1162702687151844
        ],
        [
          0.19961434372039183,
          0.9732448524320454,
          -0.11379178790933794,
          0.12662700514430175
        ],
        [
          -0.5404868602380763,
          0.20622498684564225,
          0.8156869550939877,
          -0.11521503907893371
        ],
        [
          0.0,
          0.0,
          0.0,
          1.0
        ]
      ]
    },
    {
      "frame_index": 65,
      "pc_time_s": 1779881819.905717,
      "bs4_reproj_rmse": 0.00089886540081352,
      "bs10_reproj_rmse": 0.00023434775357600302,
      "relative_distance_m": 1.2132716520661035,
      "transform_world_from_other": [
        [
          0.8173427713019227,
          -0.09566453509305022,
          0.5681541084300307,
          -1.1393162849332619
        ],
        [
          0.2793438970313822,
          0.9282592770982353,
          -0.2455640480045516,
          0.41654385290189855
        ],
        [
          -0.5039025514837302,
          0.3594203822913938,
          0.7854293140707793,
          -0.021856879986048572
        ],
        [
          0.0,
          0.0,
          0.0,
          1.0
        ]
      ]
    },
    {
      "frame_index": 66,
      "pc_time_s": 1779881820.158873,
      "bs4_reproj_rmse": 0.0009546423680149019,
      "bs10_reproj_rmse": 3.9470458432333544e-05,
      "relative_distance_m": 1.5895700307678484,
      "transform_world_from_other": [
        [
          0.883731983280669,
          -0.08715069444434949,
          0.4598070662622346,
          -0.9475839264388364
        ],
        [
          -0.16496051848280563,
          0.8614393812435216,
          0.48032303690814426,
          -1.2704260860720202
        ],
        [
          -0.4379564008765019,
          -0.5003268420749043,
          0.7469051091207332,
          -0.12179960959619196
        ],
        [
          0.0,
          0.0,
          0.0,
          1.0
        ]
      ]
    },
    {
      "frame_index": 85,
      "pc_time_s": 1779881824.942807,
      "bs4_reproj_rmse": 0.00010137582285096869,
      "bs10_reproj_rmse": 1.3035096344538033e-05,
      "relative_distance_m": 1.392168314732796,
      "transform_world_from_other": [
        [
          0.9363118257351697,
          -0.037686984710635474,
          0.3491415990280921,
          -0.6940414812882496
        ],
        [
          -0.1922056765232031,
          0.7770858781377713,
          0.5993283873729874,
          -1.1720604525997675
        ],
        [
          -0.29389988584674637,
          -0.6282652538397043,
          0.7203510449197674,
          0.2875992598196204
        ],
        [
          0.0,
          0.0,
          0.0,
          1.0
        ]
      ]
    },
    {
      "frame_index": 96,
      "pc_time_s": 1779881827.7125325,
      "bs4_reproj_rmse": 0.0004158870142418891,
      "bs10_reproj_rmse": 6.439290154958144e-05,
      "relative_distance_m": 1.4185169031752425,
      "transform_world_from_other": [
        [
          0.8674793703580689,
          -0.17787921207112667,
          0.464584252763826,
          -0.9070462566217761
        ],
        [
          -0.07467969866190396,
          0.8767416240842448,
          0.47512847442127387,
          -1.081000975467602
        ],
        [
          -0.49183583095473504,
          -0.44685916182962504,
          0.7472713060716233,
          -0.1445482064240029
        ],
        [
          0.0,
          0.0,
          0.0,
          1.0
        ]
      ]
    },
    {
      "frame_index": 97,
      "pc_time_s": 1779881827.9649317,
      "bs4_reproj_rmse": 8.580691064707935e-05,
      "bs10_reproj_rmse": 0.00018065687618218362,
      "relative_distance_m": 1.4581283495092219,
      "transform_world_from_other": [
        [
          0.7210637163985947,
          -0.040717475739069996,
          0.6916713121583731,
          -1.269580083626071
        ],
        [
          -0.18741109129841652,
          0.9495985023492864,
          0.2512762766246135,
          -0.6647645973492038
        ],
        [
          -0.6670413778408235,
          -0.31081308129715346,
          0.67709011862734,
          0.2690589619649506
        ],
        [
          0.0,
          0.0,
          0.0,
          1.0
        ]
      ]
    },
    {
      "frame_index": 101,
      "pc_time_s": 1779881828.975382,
      "bs4_reproj_rmse": 6.408467015717179e-05,
      "bs10_reproj_rmse": 0.00016012978448998183,
      "relative_distance_m": 1.170715636431751,
      "transform_world_from_other": [
        [
          0.8536635440473467,
          -0.09536762691908876,
          0.5120191102882241,
          -1.074554808244004
        ],
        [
          0.07182834710629589,
          0.9952561917464039,
          0.06561860515449845,
          -0.28408445430908913
        ],
        [
          -0.5158480804621653,
          -0.01923872465279331,
          0.8564640268903492,
          -0.36769972570753806
        ],
        [
          0.0,
          0.0,
          0.0,
          1.0
        ]
      ]
    },
    {
      "frame_index": 103,
      "pc_time_s": 1779881829.4811628,
      "bs4_reproj_rmse": 0.00025091934367083013,
      "bs10_reproj_rmse": 2.8924278012709692e-05,
      "relative_distance_m": 1.507757444027356,
      "transform_world_from_other": [
        [
          0.7021268511505617,
          -0.14360707387448496,
          0.6974201697876288,
          -1.4741195278561756
        ],
        [
          0.3557990195262012,
          0.919167442830611,
          -0.16893273733776337,
          0.2650144920363114
        ],
        [
          -0.616785977951502,
          0.3667536235314438,
          0.6964673983963392,
          0.17341120674203148
        ],
        [
          0.0,
          0.0,
          0.0,
          1.0
        ]
      ]
    },
    {
      "frame_index": 104,
      "pc_time_s": 1779881829.7321093,
      "bs4_reproj_rmse": 0.0002421537647023797,
      "bs10_reproj_rmse": 0.0002752538421191275,
      "relative_distance_m": 1.394459352012066,
      "transform_world_from_other": [
        [
          0.7171386964667298,
          -0.1672229192186403,
          0.6765711975232135,
          -1.3675062705330883
        ],
        [
          0.35828554460774564,
          0.9211394086244563,
          -0.15209752925053646,
          0.2304559575817922
        ],
        [
          -0.5977821999316562,
          0.3514807038330592,
          0.7204982694482246,
          0.1460600427278247
        ],
        [
          0.0,
          0.0,
          0.0,
          1.0
        ]
      ]
    },
    {
      "frame_index": 105,
      "pc_time_s": 1779881829.9829931,
      "bs4_reproj_rmse": 0.0018335612257942557,
      "bs10_reproj_rmse": 2.727389983192552e-05,
      "relative_distance_m": 1.0830417295129449,
      "transform_world_from_other": [
        [
          0.73483842212891,
          -0.2560145225169236,
          0.628067717386848,
          -1.0602672448423875
        ],
        [
          0.4351173303985,
          0.8882929338234149,
          -0.146998545932512,
          0.19864698508940573
        ],
        [
          -0.5202743527697444,
          0.38130332804713596,
          0.7641481334598689,
          0.09670642530676465
        ],
        [
          0.0,
          0.0,
          0.0,
          1.0
        ]
      ]
    },
    {
      "frame_index": 106,
      "pc_time_s": 1779881830.2337706,
      "bs4_reproj_rmse": 4.116074342164211e-05,
      "bs10_reproj_rmse": 0.0004117244097869843,
      "relative_distance_m": 1.0765781354782131,
      "transform_world_from_other": [
        [
          0.8595546998987991,
          -0.1880350109192205,
          0.47519317393086996,
          -0.9601722883328595
        ],
        [
          0.3053269172449059,
          0.934602117570297,
          -0.1824674092511841,
          0.31763806226143243
        ],
        [
          -0.4098062853197933,
          0.30192998609234784,
          0.8607537929109967,
          -0.36904704295006696
        ],
        [
          0.0,
          0.0,
          0.0,
          1.0
        ]
      ]
    },
    {
      "frame_index": 107,
      "pc_time_s": 1779881830.4862514,
      "bs4_reproj_rmse": 0.001129094627685845,
      "bs10_reproj_rmse": 1.3253094039100688e-05,
      "relative_distance_m": 1.5840661350546614,
      "transform_world_from_other": [
        [
          0.8013544039850404,
          -0.06749273646178382,
          0.5943701285719865,
          -1.25371741421493
        ],
        [
          0.3981478064612151,
          0.8017334459965629,
          -0.44575980727360176,
          0.9664838315864321
        ],
        [
          -0.4464408621798664,
          0.5938587475952306,
          0.6693447127457729,
          -0.058027310839390056
        ],
        [
          0.0,
          0.0,
          0.0,
          1.0
        ]
      ]
    },
    {
      "frame_index": 109,
      "pc_time_s": 1779881830.9889708,
      "bs4_reproj_rmse": 3.214880052837543e-05,
      "bs10_reproj_rmse": 5.092205901746638e-05,
      "relative_distance_m": 1.0959016802347443,
      "transform_world_from_other": [
        [
          0.9292771880060666,
          -0.14697806004107655,
          0.33888251314887813,
          -0.6295084645936964
        ],
        [
          0.28131010113071486,
          0.8761698963974554,
          -0.391396141586372,
          0.8032180136840777
        ],
        [
          -0.23939201083863443,
          0.4590465798951498,
          0.8555511104739455,
          -0.3994501323565023
        ],
        [
          0.0,
          0.0,
          0.0,
          1.0
        ]
      ]
    },
    {
      "frame_index": 114,
      "pc_time_s": 1779881832.2451375,
      "bs4_reproj_rmse": 0.0021170610561966896,
      "bs10_reproj_rmse": 0.0009267452987842262,
      "relative_distance_m": 1.2998307496991373,
      "transform_world_from_other": [
        [
          0.676317602057847,
          -0.21552194330047814,
          0.7043754631605997,
          -1.2284213388008585
        ],
        [
          0.4866097262618583,
          0.8486010159147324,
          -0.20757478193615855,
          0.42170811545518355
        ],
        [
          -0.552996813240441,
          0.48314243008089225,
          0.6787988780201738,
          0.05199286106154388
        ],
        [
          0.0,
          0.0,
          0.0,
          1.0
        ]
      ]
    },
    {
      "frame_index": 122,
      "pc_time_s": 1779881834.2583158,
      "bs4_reproj_rmse": 0.00029595059459097683,
      "bs10_reproj_rmse": 0.00013181472604628652,
      "relative_distance_m": 1.1259951912332475,
      "transform_world_from_other": [
        [
          0.9246916912577005,
          -0.13324023786903763,
          0.356640316189261,
          -0.6869331735734322
        ],
        [
          0.3051600767731512,
          0.819517983071905,
          -0.4850439185945554,
          0.8915903403311878
        ],
        [
          -0.2276457855150809,
          0.5573484676881776,
          0.7984610710002477,
          0.032475386877561574
        ],
        [
          0.0,
          0.0,
          0.0,
          1.0
        ]
      ]
    },
    {
      "frame_index": 141,
      "pc_time_s": 1779881839.0371387,
      "bs4_reproj_rmse": 0.0010471380082890391,
      "bs10_reproj_rmse": 8.675098797539249e-05,
      "relative_distance_m": 1.40294503533734,
      "transform_world_from_other": [
        [
          0.7802322348354651,
          -0.10159478422146057,
          0.617184056455326,
          -1.3544238758025813
        ],
        [
          0.39163080226839436,
          0.8487211134611955,
          -0.35538399834517426,
          0.3619289637602171
        ],
        [
          -0.48771197897762364,
          0.5189903384304798,
          0.7019872179588077,
          -0.05289765613956454
        ],
        [
          0.0,
          0.0,
          0.0,
          1.0
        ]
      ]
    },
    {
      "frame_index": 154,
      "pc_time_s": 1779881842.3138747,
      "bs4_reproj_rmse": 0.0001873562578111887,
      "bs10_reproj_rmse": 0.0006178639596328139,
      "relative_distance_m": 1.5846128270510238,
      "transform_world_from_other": [
        [
          0.6078756195599397,
          -0.39967335186009223,
          0.6861111010306845,
          -1.384905259018915
        ],
        [
          0.17793511611607885,
          0.9106749940145398,
          0.3728406492449228,
          -0.6578517371953665
        ],
        [
          -0.7738386948178392,
          -0.10455748222646216,
          0.6246930504760607,
          0.40033277041160176
        ],
        [
          0.0,
          0.0,
          0.0,
          1.0
        ]
      ]
    },
    {
      "frame_index": 161,
      "pc_time_s": 1779881844.0795884,
      "bs4_reproj_rmse": 0.0002862589608412236,
      "bs10_reproj_rmse": 9.028414933709428e-05,
      "relative_distance_m": 1.563385642045844,
      "transform_world_from_other": [
        [
          0.6935990893504329,
          -0.25425803835016486,
          0.6739978881172962,
          -1.33520241634912
        ],
        [
          -0.023096678711914825,
          0.9273083901766849,
          0.37358492065446447,
          -0.7838202946892912
        ],
        [
          -0.7199908656953418,
          -0.27468527343534493,
          0.6373077387518695,
          0.2168753530573735
        ],
        [
          0.0,
          0.0,
          0.0,
          1.0
        ]
      ]
    },
    {
      "frame_index": 171,
      "pc_time_s": 1779881846.5964062,
      "bs4_reproj_rmse": 0.0009729969315230846,
      "bs10_reproj_rmse": 0.00021671505237463862,
      "relative_distance_m": 1.3167213491310041,
      "transform_world_from_other": [
        [
          0.7030610823713832,
          -0.27522078734901234,
          0.6557123093749032,
          -1.2459111747459317
        ],
        [
          0.18305834075624297,
          0.9610409553114316,
          0.20709883170520674,
          -0.4147596634097347
        ],
        [
          -0.6871642877320898,
          -0.02556952140889768,
          0.7260519549182203,
          -0.09713329763179868
        ],
        [
          0.0,
          0.0,
          0.0,
          1.0
        ]
      ]
    },
    {
      "frame_index": 172,
      "pc_time_s": 1779881846.849578,
      "bs4_reproj_rmse": 0.0006942328182049096,
      "bs10_reproj_rmse": 0.0004006520612165332,
      "relative_distance_m": 1.2920103362284023,
      "transform_world_from_other": [
        [
          0.7480624552731338,
          -0.2969069060853428,
          0.5935055620038964,
          -1.146296888928892
        ],
        [
          0.17711136533885605,
          0.9512169686712487,
          0.25262193645779685,
          -0.5857460579422319
        ],
        [
          -0.6395577591418448,
          -0.08386040561975802,
          0.7641552885969923,
          0.11043417477442508
        ],
        [
          0.0,
          0.0,
          0.0,
          1.0
        ]
      ]
    },
    {
      "frame_index": 177,
      "pc_time_s": 1779881848.1083708,
      "bs4_reproj_rmse": 2.4118347937474027e-05,
      "bs10_reproj_rmse": 0.0002075880765914917,
      "relative_distance_m": 1.2555115805779367,
      "transform_world_from_other": [
        [
          0.7311968272155728,
          -0.1949977378432574,
          0.6537025945381378,
          -1.2491687346155749
        ],
        [
          0.30254549174884104,
          0.9515720945581886,
          -0.05455982295237782,
          -0.05361040047395113
        ],
        [
          -0.6114061050499354,
          0.23766874235825616,
          0.7547821828935238,
          0.11407333774925199
        ],
        [
          0.0,
          0.0,
          0.0,
          1.0
        ]
      ]
    },
    {
      "frame_index": 186,
      "pc_time_s": 1779881850.3795037,
      "bs4_reproj_rmse": 0.0004756067937705666,
      "bs10_reproj_rmse": 0.0001363797637168318,
      "relative_distance_m": 1.062008583569923,
      "transform_world_from_other": [
        [
          0.8305906844925022,
          -0.17478341286550678,
          0.5287436745922951,
          -1.0568691245024693
        ],
        [
          0.23097847070122196,
          0.9720731223196111,
          -0.04150651679347453,
          -0.05808326130029385
        ],
        [
          -0.5067228640063538,
          0.15660333154466424,
          0.8477660854518246,
          -0.08669613605172799
        ],
        [
          0.0,
          0.0,
          0.0,
          1.0
        ]
      ]
    },
    {
      "frame_index": 188,
      "pc_time_s": 1779881850.8838787,
      "bs4_reproj_rmse": 0.0013145911507308483,
      "bs10_reproj_rmse": 0.0011103719007223845,
      "relative_distance_m": 1.0736894722250738,
      "transform_world_from_other": [
        [
          0.7437019721195849,
          -0.4685635267122079,
          0.4768182023585696,
          -0.8499150526762828
        ],
        [
          0.37081970899864414,
          0.8826085989368498,
          0.2889546755131181,
          -0.6545351127411585
        ],
        [
          -0.556237467349693,
          -0.03808257498841934,
          0.8301503462618384,
          -0.0451361516984794
        ],
        [
          0.0,
          0.0,
          0.0,
          1.0
        ]
      ]
    },
    {
      "frame_index": 193,
      "pc_time_s": 1779881852.1449783,
      "bs4_reproj_rmse": 0.0026535717770457268,
      "bs10_reproj_rmse": 0.0009305992862209678,
      "relative_distance_m": 1.6560225171899685,
      "transform_world_from_other": [
        [
          0.9762401780108797,
          -0.20733178371891475,
          0.06299719277252393,
          -0.23799230303041943
        ],
        [
          0.03904354361717907,
          0.4542669797093061,
          0.8900096139073997,
          -1.2824082956736358
        ],
        [
          -0.21314482526934314,
          -0.8664035102685804,
          0.4515686446767347,
          1.020391691619408
        ],
        [
          0.0,
          0.0,
          0.0,
          1.0
        ]
      ]
    },
    {
      "frame_index": 201,
      "pc_time_s": 1779881854.1575296,
      "bs4_reproj_rmse": 0.0022647015284746885,
      "bs10_reproj_rmse": 0.0011102152056992054,
      "relative_distance_m": 1.1201277867418091,
      "transform_world_from_other": [
        [
          0.6290228153724805,
          -0.4053296195712387,
          0.6633537496985401,
          -1.1060354075946814
        ],
        [
          0.44820593993058744,
          0.886300284935921,
          0.11654715926801448,
          -0.157372764651178
        ],
        [
          -0.6351706330993406,
          0.2240082686436823,
          0.7391742436174592,
          0.08127575729585979
        ],
        [
          0.0,
          0.0,
          0.0,
          1.0
        ]
      ]
    },
    {
      "frame_index": 205,
      "pc_time_s": 1779881855.1678574,
      "bs4_reproj_rmse": 0.0008395762997679412,
      "bs10_reproj_rmse": 0.0002474662323947996,
      "relative_distance_m": 1.1159995580245332,
      "transform_world_from_other": [
        [
          0.922520626416132,
          -0.21631874709232882,
          0.31962774205815286,
          -0.9783968682727778
        ],
        [
          0.16196207110948602,
          0.968696399673865,
          0.18813711165216213,
          -0.3475459818787795
        ],
        [
          -0.3503198272417846,
          -0.12179279500568736,
          0.928677841733068,
          0.40915323797434255
        ],
        [
          0.0,
          0.0,
          0.0,
          1.0
        ]
      ]
    }
  ]
}
