{
  "description": "Relative Lighthouse calibration from LH2A wave PnP. BS4 is the world/reference frame.",
  "input_wave": "config\\lh2a_wave_record.json",
  "world_bs": 4,
  "other_bs": 10,
  "transform_world_from_other": [
    [
      0.8480353701824812,
      -0.11437059721318023,
      0.5174508454071381,
      -1.0240339315675115
    ],
    [
      0.10445054988336543,
      0.993352793544068,
      0.04837675254973529,
      0.07337646760287475
    ],
    [
      -0.5195441208872679,
      0.01302282808364684,
      0.8543443757643514,
      -0.11968219627632837
    ],
    [
      0.0,
      0.0,
      0.0,
      1.0
    ]
  ],
  "counters": {
    "frames_total": 239,
    "missing_or_unsolved": 222,
    "reproj_rejected": 0,
    "distance_rejected": 11,
    "used": 6
  },
  "num_transforms_total": 6,
  "num_transforms_used": 5,
  "quality": {
    "translation_median_error_m": 0.7539252538428339,
    "translation_p95_error_m": 1.4143924901684732,
    "rotation_median_error_deg": 24.30496303749579,
    "rotation_p95_error_deg": 32.92983674207304,
    "distance_m": 1.0336118357995985
  },
  "frames": [
    {
      "frame_index": 15,
      "pc_time_s": 1779881807.309414,
      "bs4_reproj_rmse": 6.436099647544324e-05,
      "bs10_reproj_rmse": 0.0003663079405669123,
      "relative_distance_m": 1.5830038274733287,
      "transform_world_from_other": [
        [
          0.8461722911057666,
          -0.20248732285767676,
          0.492941515645364,
          -1.0087547078591215
        ],
        [
          -0.03725274352498609,
          0.900262289066816,
          0.4337511313922282,
          -1.2188595501273054
        ],
        [
          -0.5316057626330619,
          -0.3853916124750349,
          0.7542337954303118,
          -0.05192739383725575
        ],
        [
          0.0,
          0.0,
          0.0,
          1.0
        ]
      ]
    },
    {
      "frame_index": 17,
      "pc_time_s": 1779881807.8118794,
      "bs4_reproj_rmse": 0.0006586395320482552,
      "bs10_reproj_rmse": 0.00030345344566740096,
      "relative_distance_m": 1.570168524746316,
      "transform_world_from_other": [
        [
          0.9170032946629729,
          -0.13128175027119834,
          0.37665642118910553,
          -0.7747417903894711
        ],
        [
          -0.08403618561285421,
          0.8595059279257702,
          0.5041700897198318,
          -1.3441773637960195
        ],
        [
          -0.38992675861614834,
          -0.49397840226693324,
          0.7771373501569158,
          -0.2416434749512646
        ],
        [
          0.0,
          0.0,
          0.0,
          1.0
        ]
      ]
    },
    {
      "frame_index": 122,
      "pc_time_s": 1779881834.2583158,
      "bs4_reproj_rmse": 0.0003775027871597558,
      "bs10_reproj_rmse": 0.00013181472604628652,
      "relative_distance_m": 1.364139492111073,
      "transform_world_from_other": [
        [
          0.9657161225039993,
          0.23690726104475818,
          -0.10614763492471874,
          0.07984178062053149
        ],
        [
          -0.15339000372198008,
          0.8506096991334697,
          0.5029260845275769,
          -1.2512627671539636
        ],
        [
          0.20943704900043708,
          -0.4694018421399083,
          0.8577867060648873,
          0.5374414680117316
        ],
        [
          0.0,
          0.0,
          0.0,
          1.0
        ]
      ]
    },
    {
      "frame_index": 161,
      "pc_time_s": 1779881844.0795884,
      "bs4_reproj_rmse": 0.0002862589608412236,
      "bs10_reproj_rmse": 0.00011545309098437428,
      "relative_distance_m": 1.2981927819179766,
      "transform_world_from_other": [
        [
          0.7901377357376093,
          0.09322442403238751,
          0.6057982876562743,
          -1.0934029516579589
        ],
        [
          0.25528158964925823,
          0.8485079477474855,
          -0.46353594531114645,
          0.47283681053097293
        ],
        [
          -0.5572375333281061,
          0.5209063921408335,
          0.6466396694274394,
          0.5159455736184733
        ],
        [
          0.0,
          0.0,
          0.0,
          1.0
        ]
      ]
    },
    {
      "frame_index": 179,
      "pc_time_s": 1779881848.6111562,
      "bs4_reproj_rmse": 0.0004872387507930398,
      "bs10_reproj_rmse": 0.0002827764838002622,
      "relative_distance_m": 1.0336118357995985,
      "transform_world_from_other": [
        [
          0.8507086633554796,
          -0.11832645771047291,
          0.5121460919480159,
          -1.0240339315675115
        ],
        [
          0.2016636313596994,
          0.9732450186515208,
          -0.11011772544336584,
          0.07337646760287475
        ],
        [
          -0.4854137924274023,
          0.1969593437125869,
          0.8518101120822376,
          -0.11968219627632837
        ],
        [
          0.0,
          0.0,
          0.0,
          1.0
        ]
      ]
    },
    {
      "frame_index": 185,
      "pc_time_s": 1779881850.1239336,
      "bs4_reproj_rmse": 0.00023318245075643063,
      "bs10_reproj_rmse": 8.850596350384876e-05,
      "relative_distance_m": 1.049595232630373,
      "transform_world_from_other": [
        [
          0.8465209810396157,
          -0.13032266587383493,
          0.5161571770490692,
          -1.0318728466478606
        ],
        [
          0.2201191544376793,
          0.9684944233398007,
          -0.11647364426920369,
          0.08294457022482614
        ],
        [
          -0.48471619171363406,
          0.21221346498100618,
          0.8485373643932171,
          -0.1732304216396947
        ],
        [
          0.0,
          0.0,
          0.0,
          1.0
        ]
      ]
    }
  ]
}
