{
  "description": "Relative Lighthouse calibration from LH2A wave PnP. BS4 is the world/reference frame.",
  "input_wave": "config\\lh2a_wave_record.json",
  "world_bs": 4,
  "other_bs": 10,
  "transform_world_from_other": [
    [
      0.8266489332920867,
      -0.1249993170584151,
      0.548659012340074,
      -1.0443709855751648
    ],
    [
      0.20941265041602225,
      0.9733211381230835,
      -0.09376728602515119,
      0.07816051891385045
    ],
    [
      -0.5223005676167626,
      0.19240876491915712,
      0.830771318865482,
      -0.07236172344555902
    ],
    [
      0.0,
      0.0,
      0.0,
      1.0
    ]
  ],
  "counters": {
    "frames_total": 239,
    "missing_or_unsolved": 204,
    "reproj_rejected": 0,
    "distance_rejected": 15,
    "used": 20
  },
  "num_transforms_total": 20,
  "num_transforms_used": 16,
  "quality": {
    "translation_median_error_m": 0.49875416328766226,
    "translation_p95_error_m": 1.2983210603951056,
    "rotation_median_error_deg": 13.38932561706946,
    "rotation_p95_error_deg": 34.852014092437884,
    "distance_m": 1.0497885697835232
  },
  "frames": [
    {
      "frame_index": 5,
      "pc_time_s": 1779881804.7888799,
      "bs4_reproj_rmse": 0.0010963643435388803,
      "bs10_reproj_rmse": 0.00017382216174155474,
      "relative_distance_m": 1.5621419080345211,
      "transform_world_from_other": [
        [
          0.666803663036001,
          -0.07137903086869264,
          0.7418071911986415,
          -1.5062485032293549
        ],
        [
          0.328221159752826,
          0.921789405828327,
          -0.20633749439491172,
          0.41313220377600496
        ],
        [
          -0.6690618396323927,
          0.3810634136924018,
          0.6380806606478626,
          -0.028715319260702366
        ],
        [
          0.0,
          0.0,
          0.0,
          1.0
        ]
      ]
    },
    {
      "frame_index": 14,
      "pc_time_s": 1779881807.0583007,
      "bs4_reproj_rmse": 3.708179428940639e-05,
      "bs10_reproj_rmse": 0.00030637747840955853,
      "relative_distance_m": 1.770025006526076,
      "transform_world_from_other": [
        [
          0.7605025583319328,
          -0.14950960563423354,
          0.6318882310928738,
          -1.3171540078475132
        ],
        [
          -0.1560183065095914,
          0.902550224169948,
          0.401324533120835,
          -1.1708894912839594
        ],
        [
          -0.630312737301464,
          -0.403794465878215,
          0.6630655190263348,
          0.16465613423027792
        ],
        [
          0.0,
          0.0,
          0.0,
          1.0
        ]
      ]
    },
    {
      "frame_index": 15,
      "pc_time_s": 1779881807.309414,
      "bs4_reproj_rmse": 6.436099647544324e-05,
      "bs10_reproj_rmse": 0.0003663079405669123,
      "relative_distance_m": 1.5830038274733287,
      "transform_world_from_other": [
        [
          0.8461722911057666,
          -0.20248732285767676,
          0.492941515645364,
          -1.0087547078591215
        ],
        [
          -0.03725274352498609,
          0.900262289066816,
          0.4337511313922282,
          -1.2188595501273054
        ],
        [
          -0.5316057626330619,
          -0.3853916124750349,
          0.7542337954303118,
          -0.05192739383725575
        ],
        [
          0.0,
          0.0,
          0.0,
          1.0
        ]
      ]
    },
    {
      "frame_index": 16,
      "pc_time_s": 1779881807.5604548,
      "bs4_reproj_rmse": 0.0006144350045360625,
      "bs10_reproj_rmse": 0.00019438390154391527,
      "relative_distance_m": 0.9662238795049027,
      "transform_world_from_other": [
        [
          0.930671983535793,
          -0.1062278165362008,
          0.3500932876470259,
          -0.6452739790037398
        ],
        [
          0.04663655749820379,
          0.9835588664915287,
          0.17446199486024386,
          -0.5327226848481735
        ],
        [
          -0.36287007394695503,
          -0.14603974506910888,
          0.9203247808756864,
          -0.4831320920766282
        ],
        [
          0.0,
          0.0,
          0.0,
          1.0
        ]
      ]
    },
    {
      "frame_index": 17,
      "pc_time_s": 1779881807.8118794,
      "bs4_reproj_rmse": 0.0006586395320482552,
      "bs10_reproj_rmse": 0.00030345344566740096,
      "relative_distance_m": 1.570168524746316,
      "transform_world_from_other": [
        [
          0.9170032946629729,
          -0.13128175027119834,
          0.37665642118910553,
          -0.7747417903894711
        ],
        [
          -0.08403618561285421,
          0.8595059279257702,
          0.5041700897198318,
          -1.3441773637960195
        ],
        [
          -0.38992675861614834,
          -0.49397840226693324,
          0.7771373501569158,
          -0.2416434749512646
        ],
        [
          0.0,
          0.0,
          0.0,
          1.0
        ]
      ]
    },
    {
      "frame_index": 32,
      "pc_time_s": 1779881811.5977097,
      "bs4_reproj_rmse": 0.0005786115070804954,
      "bs10_reproj_rmse": 0.0008223885088227689,
      "relative_distance_m": 1.685079069580889,
      "transform_world_from_other": [
        [
          0.9736241056580494,
          0.19952999759164763,
          0.11065207156958774,
          -0.480680108796003
        ],
        [
          -0.2176361167417634,
          0.6666117948647178,
          0.7129258275843325,
          -1.3807321557719023
        ],
        [
          0.06848811262642342,
          -0.718203658448157,
          0.692454246445607,
          0.8378644387757086
        ],
        [
          0.0,
          0.0,
          0.0,
          1.0
        ]
      ]
    },
    {
      "frame_index": 82,
      "pc_time_s": 1779881824.187839,
      "bs4_reproj_rmse": 0.0008858151850290596,
      "bs10_reproj_rmse": 0.00035728682996705174,
      "relative_distance_m": 1.7925132396764307,
      "transform_world_from_other": [
        [
          0.7679872907809319,
          0.5609772482143561,
          -0.30903082076843474,
          -0.010851026802944697
        ],
        [
          -0.15624601626773088,
          0.6320347757116597,
          0.7590251805385482,
          -1.3250480982223987
        ],
        [
          0.6211140825962871,
          -0.5346368573872924,
          0.5730451353284591,
          1.2071592716082744
        ],
        [
          0.0,
          0.0,
          0.0,
          1.0
        ]
      ]
    },
    {
      "frame_index": 101,
      "pc_time_s": 1779881828.975382,
      "bs4_reproj_rmse": 6.408467015717179e-05,
      "bs10_reproj_rmse": 0.00016012978448998183,
      "relative_distance_m": 1.170715636431751,
      "transform_world_from_other": [
        [
          0.8536635440473467,
          -0.09536762691908876,
          0.5120191102882241,
          -1.074554808244004
        ],
        [
          0.07182834710629589,
          0.9952561917464039,
          0.06561860515449845,
          -0.28408445430908913
        ],
        [
          -0.5158480804621653,
          -0.01923872465279331,
          0.8564640268903492,
          -0.36769972570753806
        ],
        [
          0.0,
          0.0,
          0.0,
          1.0
        ]
      ]
    },
    {
      "frame_index": 102,
      "pc_time_s": 1779881829.2271245,
      "bs4_reproj_rmse": 0.0003838373231701553,
      "bs10_reproj_rmse": 0.0022247186861932278,
      "relative_distance_m": 0.943219187168206,
      "transform_world_from_other": [
        [
          0.939043465808952,
          -0.31522496887142687,
          -0.1372245908047084,
          0.5290813698673303
        ],
        [
          0.3083847797588512,
          0.948748506575768,
          -0.0691020902964264,
          0.05933138408135674
        ],
        [
          0.15197432985407935,
          0.022571891153791022,
          0.988126668395882,
          -0.7785981800418948
        ],
        [
          0.0,
          0.0,
          0.0,
          1.0
        ]
      ]
    },
    {
      "frame_index": 103,
      "pc_time_s": 1779881829.4811628,
      "bs4_reproj_rmse": 0.00025091934367083013,
      "bs10_reproj_rmse": 2.8924278012709692e-05,
      "relative_distance_m": 1.507757444027356,
      "transform_world_from_other": [
        [
          0.7021268511505617,
          -0.14360707387448496,
          0.6974201697876288,
          -1.4741195278561756
        ],
        [
          0.3557990195262012,
          0.919167442830611,
          -0.16893273733776337,
          0.2650144920363114
        ],
        [
          -0.616785977951502,
          0.3667536235314438,
          0.6964673983963392,
          0.17341120674203148
        ],
        [
          0.0,
          0.0,
          0.0,
          1.0
        ]
      ]
    },
    {
      "frame_index": 106,
      "pc_time_s": 1779881830.2337706,
      "bs4_reproj_rmse": 4.116074342164211e-05,
      "bs10_reproj_rmse": 0.0004117244097869843,
      "relative_distance_m": 1.0765781354782131,
      "transform_world_from_other": [
        [
          0.8595546998987991,
          -0.1880350109192205,
          0.47519317393086996,
          -0.9601722883328595
        ],
        [
          0.3053269172449059,
          0.934602117570297,
          -0.1824674092511841,
          0.31763806226143243
        ],
        [
          -0.4098062853197933,
          0.30192998609234784,
          0.8607537929109967,
          -0.36904704295006696
        ],
        [
          0.0,
          0.0,
          0.0,
          1.0
        ]
      ]
    },
    {
      "frame_index": 107,
      "pc_time_s": 1779881830.4862514,
      "bs4_reproj_rmse": 0.001129094627685845,
      "bs10_reproj_rmse": 1.3253094039100688e-05,
      "relative_distance_m": 1.5840661350546614,
      "transform_world_from_other": [
        [
          0.8013544039850404,
          -0.06749273646178382,
          0.5943701285719865,
          -1.25371741421493
        ],
        [
          0.3981478064612151,
          0.8017334459965629,
          -0.44575980727360176,
          0.9664838315864321
        ],
        [
          -0.4464408621798664,
          0.5938587475952306,
          0.6693447127457729,
          -0.058027310839390056
        ],
        [
          0.0,
          0.0,
          0.0,
          1.0
        ]
      ]
    },
    {
      "frame_index": 122,
      "pc_time_s": 1779881834.2583158,
      "bs4_reproj_rmse": 0.00029595059459097683,
      "bs10_reproj_rmse": 0.00013181472604628652,
      "relative_distance_m": 1.1259951912332475,
      "transform_world_from_other": [
        [
          0.9246916912577005,
          -0.13324023786903763,
          0.356640316189261,
          -0.6869331735734322
        ],
        [
          0.3051600767731512,
          0.819517983071905,
          -0.4850439185945554,
          0.8915903403311878
        ],
        [
          -0.2276457855150809,
          0.5573484676881776,
          0.7984610710002477,
          0.032475386877561574
        ],
        [
          0.0,
          0.0,
          0.0,
          1.0
        ]
      ]
    },
    {
      "frame_index": 161,
      "pc_time_s": 1779881844.0795884,
      "bs4_reproj_rmse": 0.0002862589608412236,
      "bs10_reproj_rmse": 0.00011545309098437428,
      "relative_distance_m": 1.2981927819179766,
      "transform_world_from_other": [
        [
          0.7901377357376093,
          0.09322442403238751,
          0.6057982876562743,
          -1.0934029516579589
        ],
        [
          0.25528158964925823,
          0.8485079477474855,
          -0.46353594531114645,
          0.47283681053097293
        ],
        [
          -0.5572375333281061,
          0.5209063921408335,
          0.6466396694274394,
          0.5159455736184733
        ],
        [
          0.0,
          0.0,
          0.0,
          1.0
        ]
      ]
    },
    {
      "frame_index": 177,
      "pc_time_s": 1779881848.1083708,
      "bs4_reproj_rmse": 2.4118347937474027e-05,
      "bs10_reproj_rmse": 0.0002075880765914917,
      "relative_distance_m": 1.2555115805779367,
      "transform_world_from_other": [
        [
          0.7311968272155728,
          -0.1949977378432574,
          0.6537025945381378,
          -1.2491687346155749
        ],
        [
          0.30254549174884104,
          0.9515720945581886,
          -0.05455982295237782,
          -0.05361040047395113
        ],
        [
          -0.6114061050499354,
          0.23766874235825616,
          0.7547821828935238,
          0.11407333774925199
        ],
        [
          0.0,
          0.0,
          0.0,
          1.0
        ]
      ]
    },
    {
      "frame_index": 179,
      "pc_time_s": 1779881848.6111562,
      "bs4_reproj_rmse": 0.0004872387507930398,
      "bs10_reproj_rmse": 0.0002827764838002622,
      "relative_distance_m": 1.0336118357995985,
      "transform_world_from_other": [
        [
          0.8507086633554796,
          -0.11832645771047291,
          0.5121460919480159,
          -1.0240339315675115
        ],
        [
          0.2016636313596994,
          0.9732450186515208,
          -0.11011772544336584,
          0.07337646760287475
        ],
        [
          -0.4854137924274023,
          0.1969593437125869,
          0.8518101120822376,
          -0.11968219627632837
        ],
        [
          0.0,
          0.0,
          0.0,
          1.0
        ]
      ]
    },
    {
      "frame_index": 181,
      "pc_time_s": 1779881849.1152122,
      "bs4_reproj_rmse": 0.00013391405809670687,
      "bs10_reproj_rmse": 0.0002981814614031464,
      "relative_distance_m": 0.9746158093946071,
      "transform_world_from_other": [
        [
          0.8611894588760227,
          -0.20852810150814394,
          0.463539369204205,
          -0.9124002627106225
        ],
        [
          0.19032583307804313,
          0.9779179047528076,
          0.08632872538748261,
          -0.30307721361720774
        ],
        [
          -0.47130541391328384,
          0.013878128306358003,
          0.8818608758589647,
          -0.1598309704454104
        ],
        [
          0.0,
          0.0,
          0.0,
          1.0
        ]
      ]
    },
    {
      "frame_index": 184,
      "pc_time_s": 1779881849.872378,
      "bs4_reproj_rmse": 0.0010329526849091053,
      "bs10_reproj_rmse": 0.000295694189844653,
      "relative_distance_m": 1.0235498855567702,
      "transform_world_from_other": [
        [
          0.8762149960837844,
          -0.05119930327454253,
          0.4791929798965092,
          -0.9432207160896933
        ],
        [
          0.2070420576204589,
          0.9378926479228494,
          -0.2783719945478589,
          0.38444860084696125
        ],
        [
          -0.4351791206091827,
          0.34312681666763967,
          0.8323960119254245,
          -0.10093721944524536
        ],
        [
          0.0,
          0.0,
          0.0,
          1.0
        ]
      ]
    },
    {
      "frame_index": 185,
      "pc_time_s": 1779881850.1239336,
      "bs4_reproj_rmse": 0.00023318245075643063,
      "bs10_reproj_rmse": 8.850596350384876e-05,
      "relative_distance_m": 1.049595232630373,
      "transform_world_from_other": [
        [
          0.8465209810396157,
          -0.13032266587383493,
          0.5161571770490692,
          -1.0318728466478606
        ],
        [
          0.2201191544376793,
          0.9684944233398007,
          -0.11647364426920369,
          0.08294457022482614
        ],
        [
          -0.48471619171363406,
          0.21221346498100618,
          0.8485373643932171,
          -0.1732304216396947
        ],
        [
          0.0,
          0.0,
          0.0,
          1.0
        ]
      ]
    },
    {
      "frame_index": 186,
      "pc_time_s": 1779881850.3795037,
      "bs4_reproj_rmse": 0.0004756067937705666,
      "bs10_reproj_rmse": 0.0001363797637168318,
      "relative_distance_m": 1.062008583569923,
      "transform_world_from_other": [
        [
          0.8305906844925022,
          -0.17478341286550678,
          0.5287436745922951,
          -1.0568691245024693
        ],
        [
          0.23097847070122196,
          0.9720731223196111,
          -0.04150651679347453,
          -0.05808326130029385
        ],
        [
          -0.5067228640063538,
          0.15660333154466424,
          0.8477660854518246,
          -0.08669613605172799
        ],
        [
          0.0,
          0.0,
          0.0,
          1.0
        ]
      ]
    }
  ]
}
