{
  "description": "Relative Lighthouse calibration from LH2A wave PnP. BS4 is the world/reference frame.",
  "input_wave": "config\\lh2a_wave_record.json",
  "world_bs": 4,
  "other_bs": 10,
  "transform_world_from_other": [
    [
      0.828924223800658,
      -0.11406756837852008,
      0.5476068124491229,
      -1.0318728466478606
    ],
    [
      0.2664287625405345,
      0.9413156449846409,
      -0.20722106794018189,
      0.2650144920363114
    ],
    [
      -0.4918336565217927,
      0.317668768297045,
      0.8106702214594059,
      -0.10093721944524536
    ],
    [
      0.0,
      0.0,
      0.0,
      1.0
    ]
  ],
  "counters": {
    "frames_total": 239,
    "missing_or_unsolved": 194,
    "reproj_rejected": 0,
    "distance_rejected": 14,
    "used": 31
  },
  "num_transforms_total": 31,
  "num_transforms_used": 25,
  "quality": {
    "translation_median_error_m": 0.5021823602580968,
    "translation_p95_error_m": 1.2927153128112125,
    "rotation_median_error_deg": 14.941151240807141,
    "rotation_p95_error_deg": 36.149269462568625,
    "distance_m": 1.070132036202898
  },
  "frames": [
    {
      "frame_index": 5,
      "pc_time_s": 1779881804.7888799,
      "bs4_reproj_rmse": 0.0010963643435388803,
      "bs10_reproj_rmse": 0.00017382216174155474,
      "relative_distance_m": 1.5621419080345211,
      "transform_world_from_other": [
        [
          0.666803663036001,
          -0.07137903086869264,
          0.7418071911986415,
          -1.5062485032293549
        ],
        [
          0.328221159752826,
          0.921789405828327,
          -0.20633749439491172,
          0.41313220377600496
        ],
        [
          -0.6690618396323927,
          0.3810634136924018,
          0.6380806606478626,
          -0.028715319260702366
        ],
        [
          0.0,
          0.0,
          0.0,
          1.0
        ]
      ]
    },
    {
      "frame_index": 14,
      "pc_time_s": 1779881807.0583007,
      "bs4_reproj_rmse": 3.708179428940639e-05,
      "bs10_reproj_rmse": 0.00030637747840955853,
      "relative_distance_m": 1.770025006526076,
      "transform_world_from_other": [
        [
          0.7605025583319328,
          -0.14950960563423354,
          0.6318882310928738,
          -1.3171540078475132
        ],
        [
          -0.1560183065095914,
          0.902550224169948,
          0.401324533120835,
          -1.1708894912839594
        ],
        [
          -0.630312737301464,
          -0.403794465878215,
          0.6630655190263348,
          0.16465613423027792
        ],
        [
          0.0,
          0.0,
          0.0,
          1.0
        ]
      ]
    },
    {
      "frame_index": 15,
      "pc_time_s": 1779881807.309414,
      "bs4_reproj_rmse": 6.436099647544324e-05,
      "bs10_reproj_rmse": 0.0003663079405669123,
      "relative_distance_m": 1.5830038274733287,
      "transform_world_from_other": [
        [
          0.8461722911057666,
          -0.20248732285767676,
          0.492941515645364,
          -1.0087547078591215
        ],
        [
          -0.03725274352498609,
          0.900262289066816,
          0.4337511313922282,
          -1.2188595501273054
        ],
        [
          -0.5316057626330619,
          -0.3853916124750349,
          0.7542337954303118,
          -0.05192739383725575
        ],
        [
          0.0,
          0.0,
          0.0,
          1.0
        ]
      ]
    },
    {
      "frame_index": 16,
      "pc_time_s": 1779881807.5604548,
      "bs4_reproj_rmse": 0.0006144350045360625,
      "bs10_reproj_rmse": 0.00019438390154391527,
      "relative_distance_m": 0.9662238795049027,
      "transform_world_from_other": [
        [
          0.930671983535793,
          -0.1062278165362008,
          0.3500932876470259,
          -0.6452739790037398
        ],
        [
          0.04663655749820379,
          0.9835588664915287,
          0.17446199486024386,
          -0.5327226848481735
        ],
        [
          -0.36287007394695503,
          -0.14603974506910888,
          0.9203247808756864,
          -0.4831320920766282
        ],
        [
          0.0,
          0.0,
          0.0,
          1.0
        ]
      ]
    },
    {
      "frame_index": 17,
      "pc_time_s": 1779881807.8118794,
      "bs4_reproj_rmse": 0.0006586395320482552,
      "bs10_reproj_rmse": 0.00030345344566740096,
      "relative_distance_m": 1.570168524746316,
      "transform_world_from_other": [
        [
          0.9170032946629729,
          -0.13128175027119834,
          0.37665642118910553,
          -0.7747417903894711
        ],
        [
          -0.08403618561285421,
          0.8595059279257702,
          0.5041700897198318,
          -1.3441773637960195
        ],
        [
          -0.38992675861614834,
          -0.49397840226693324,
          0.7771373501569158,
          -0.2416434749512646
        ],
        [
          0.0,
          0.0,
          0.0,
          1.0
        ]
      ]
    },
    {
      "frame_index": 24,
      "pc_time_s": 1779881809.580912,
      "bs4_reproj_rmse": 0.00029739949968643486,
      "bs10_reproj_rmse": 0.00025776392430998385,
      "relative_distance_m": 1.9325296669472183,
      "transform_world_from_other": [
        [
          0.4770535427146777,
          0.18636598308337765,
          0.8588874418296855,
          -1.7376799805329095
        ],
        [
          0.243727465491279,
          0.9108754944381519,
          -0.3330206543102841,
          0.4645823185592095
        ],
        [
          -0.84440324487094,
          0.3682031422753187,
          0.3891138728830019,
          0.7066133795566162
        ],
        [
          0.0,
          0.0,
          0.0,
          1.0
        ]
      ]
    },
    {
      "frame_index": 81,
      "pc_time_s": 1779881823.935165,
      "bs4_reproj_rmse": 2.3186474209069274e-05,
      "bs10_reproj_rmse": 0.0001631959603400901,
      "relative_distance_m": 2.168898992203956,
      "transform_world_from_other": [
        [
          0.8736669520608841,
          -0.08205589498960432,
          0.47955488421462167,
          -1.0142382544077662
        ],
        [
          0.48643549578067297,
          0.12847380172527836,
          -0.8642192955002013,
          1.4256686892958939
        ],
        [
          0.0093040486485762,
          0.9883123556688485,
          0.15215821473399377,
          1.2817614403782593
        ],
        [
          0.0,
          0.0,
          0.0,
          1.0
        ]
      ]
    },
    {
      "frame_index": 82,
      "pc_time_s": 1779881824.187839,
      "bs4_reproj_rmse": 0.0008455928764306009,
      "bs10_reproj_rmse": 0.00048226118087768555,
      "relative_distance_m": 1.7939844467505968,
      "transform_world_from_other": [
        [
          0.8663753448967918,
          -0.09507903264829722,
          0.490258849288444,
          -1.011679636293062
        ],
        [
          0.48096936036780613,
          0.42305858519915585,
          -0.7679126954782505,
          1.2135121314308035
        ],
        [
          -0.13439581891691676,
          0.9011001115525137,
          0.4122576291807088,
          0.8498663515890312
        ],
        [
          0.0,
          0.0,
          0.0,
          1.0
        ]
      ]
    },
    {
      "frame_index": 97,
      "pc_time_s": 1779881827.9649317,
      "bs4_reproj_rmse": 3.613909211708233e-05,
      "bs10_reproj_rmse": 0.00018065687618218362,
      "relative_distance_m": 2.042810867971118,
      "transform_world_from_other": [
        [
          0.3395990699926991,
          -0.10218040037747901,
          0.935003549425772,
          -1.7746149987663917
        ],
        [
          0.4966668323713671,
          0.8636693413754509,
          -0.08600771122572409,
          0.023080127977740894
        ],
        [
          -0.7987455973476705,
          0.49359338989373963,
          0.3440509208982306,
          1.0115755810352494
        ],
        [
          0.0,
          0.0,
          0.0,
          1.0
        ]
      ]
    },
    {
      "frame_index": 99,
      "pc_time_s": 1779881828.466526,
      "bs4_reproj_rmse": 0.0006493353866972029,
      "bs10_reproj_rmse": 0.0005344339297153056,
      "relative_distance_m": 1.2685943976865472,
      "transform_world_from_other": [
        [
          0.8485380460199858,
          -0.10522516082797989,
          0.5185661481289641,
          -1.0980947135853614
        ],
        [
          0.3120517193527698,
          0.8909776765506379,
          -0.3298219282240155,
          0.6322038568523043
        ],
        [
          -0.4273252963557919,
          0.4416859126315363,
          0.7888641490632478,
          -0.061951829824858695
        ],
        [
          0.0,
          0.0,
          0.0,
          1.0
        ]
      ]
    },
    {
      "frame_index": 100,
      "pc_time_s": 1779881828.7208915,
      "bs4_reproj_rmse": 0.0011368526611477137,
      "bs10_reproj_rmse": 0.0006725327693857253,
      "relative_distance_m": 1.1745035905934724,
      "transform_world_from_other": [
        [
          0.8322717004609562,
          -0.23745536331494937,
          0.5009378874119962,
          -1.0728968046405636
        ],
        [
          0.3914457604555096,
          0.8915762953575802,
          -0.22773213690180186,
          0.42171634534273594
        ],
        [
          -0.39254812855653315,
          0.3856250251078351,
          0.8349846146949925,
          -0.2247364122250639
        ],
        [
          0.0,
          0.0,
          0.0,
          1.0
        ]
      ]
    },
    {
      "frame_index": 101,
      "pc_time_s": 1779881828.975382,
      "bs4_reproj_rmse": 6.408467015717179e-05,
      "bs10_reproj_rmse": 0.00016012978448998183,
      "relative_distance_m": 1.170715636431751,
      "transform_world_from_other": [
        [
          0.8536635440473467,
          -0.09536762691908876,
          0.5120191102882241,
          -1.074554808244004
        ],
        [
          0.07182834710629589,
          0.9952561917464039,
          0.06561860515449845,
          -0.28408445430908913
        ],
        [
          -0.5158480804621653,
          -0.01923872465279331,
          0.8564640268903492,
          -0.36769972570753806
        ],
        [
          0.0,
          0.0,
          0.0,
          1.0
        ]
      ]
    },
    {
      "frame_index": 102,
      "pc_time_s": 1779881829.2271245,
      "bs4_reproj_rmse": 0.0003838373231701553,
      "bs10_reproj_rmse": 0.0022247186861932278,
      "relative_distance_m": 0.943219187168206,
      "transform_world_from_other": [
        [
          0.939043465808952,
          -0.31522496887142687,
          -0.1372245908047084,
          0.5290813698673303
        ],
        [
          0.3083847797588512,
          0.948748506575768,
          -0.0691020902964264,
          0.05933138408135674
        ],
        [
          0.15197432985407935,
          0.022571891153791022,
          0.988126668395882,
          -0.7785981800418948
        ],
        [
          0.0,
          0.0,
          0.0,
          1.0
        ]
      ]
    },
    {
      "frame_index": 103,
      "pc_time_s": 1779881829.4811628,
      "bs4_reproj_rmse": 0.00025091934367083013,
      "bs10_reproj_rmse": 2.8924278012709692e-05,
      "relative_distance_m": 1.507757444027356,
      "transform_world_from_other": [
        [
          0.7021268511505617,
          -0.14360707387448496,
          0.6974201697876288,
          -1.4741195278561756
        ],
        [
          0.3557990195262012,
          0.919167442830611,
          -0.16893273733776337,
          0.2650144920363114
        ],
        [
          -0.616785977951502,
          0.3667536235314438,
          0.6964673983963392,
          0.17341120674203148
        ],
        [
          0.0,
          0.0,
          0.0,
          1.0
        ]
      ]
    },
    {
      "frame_index": 106,
      "pc_time_s": 1779881830.2337706,
      "bs4_reproj_rmse": 4.116074342164211e-05,
      "bs10_reproj_rmse": 0.0004117244097869843,
      "relative_distance_m": 1.0765781354782131,
      "transform_world_from_other": [
        [
          0.8595546998987991,
          -0.1880350109192205,
          0.47519317393086996,
          -0.9601722883328595
        ],
        [
          0.3053269172449059,
          0.934602117570297,
          -0.1824674092511841,
          0.31763806226143243
        ],
        [
          -0.4098062853197933,
          0.30192998609234784,
          0.8607537929109967,
          -0.36904704295006696
        ],
        [
          0.0,
          0.0,
          0.0,
          1.0
        ]
      ]
    },
    {
      "frame_index": 107,
      "pc_time_s": 1779881830.4862514,
      "bs4_reproj_rmse": 0.001129094627685845,
      "bs10_reproj_rmse": 1.3253094039100688e-05,
      "relative_distance_m": 1.5840661350546614,
      "transform_world_from_other": [
        [
          0.8013544039850404,
          -0.06749273646178382,
          0.5943701285719865,
          -1.25371741421493
        ],
        [
          0.3981478064612151,
          0.8017334459965629,
          -0.44575980727360176,
          0.9664838315864321
        ],
        [
          -0.4464408621798664,
          0.5938587475952306,
          0.6693447127457729,
          -0.058027310839390056
        ],
        [
          0.0,
          0.0,
          0.0,
          1.0
        ]
      ]
    },
    {
      "frame_index": 108,
      "pc_time_s": 1779881830.737632,
      "bs4_reproj_rmse": 0.000382891739718616,
      "bs10_reproj_rmse": 0.0004304424801375717,
      "relative_distance_m": 0.8395815671854113,
      "transform_world_from_other": [
        [
          0.8939385718206652,
          -0.2532765715108487,
          0.36976317844660994,
          -0.6823704750585238
        ],
        [
          0.2685873251328027,
          0.9631989137374894,
          0.01042599409776412,
          -0.1604210714033064
        ],
        [
          -0.35879615185957026,
          0.08999350475801214,
          0.9290675381866131,
          -0.46209611833008424
        ],
        [
          0.0,
          0.0,
          0.0,
          1.0
        ]
      ]
    },
    {
      "frame_index": 122,
      "pc_time_s": 1779881834.2583158,
      "bs4_reproj_rmse": 0.00029595059459097683,
      "bs10_reproj_rmse": 0.00013181472604628652,
      "relative_distance_m": 1.1259951912332475,
      "transform_world_from_other": [
        [
          0.9246916912577005,
          -0.13324023786903763,
          0.356640316189261,
          -0.6869331735734322
        ],
        [
          0.3051600767731512,
          0.819517983071905,
          -0.4850439185945554,
          0.8915903403311878
        ],
        [
          -0.2276457855150809,
          0.5573484676881776,
          0.7984610710002477,
          0.032475386877561574
        ],
        [
          0.0,
          0.0,
          0.0,
          1.0
        ]
      ]
    },
    {
      "frame_index": 125,
      "pc_time_s": 1779881835.0125983,
      "bs4_reproj_rmse": 0.00026710331439971924,
      "bs10_reproj_rmse": 5.972644066787325e-05,
      "relative_distance_m": 0.8429900832996089,
      "transform_world_from_other": [
        [
          0.8930427415205431,
          -0.2051710558524171,
          0.4004740936163999,
          -0.7808079715147764
        ],
        [
          0.19459283830270238,
          0.9785654393257842,
          0.06740406692799139,
          -0.2504935152536119
        ],
        [
          -0.40571947093869065,
          0.01773467782450975,
          0.9138255807886371,
          -0.19551007896359218
        ],
        [
          0.0,
          0.0,
          0.0,
          1.0
        ]
      ]
    },
    {
      "frame_index": 141,
      "pc_time_s": 1779881839.0371387,
      "bs4_reproj_rmse": 0.0010471380082890391,
      "bs10_reproj_rmse": 8.675098797539249e-05,
      "relative_distance_m": 1.40294503533734,
      "transform_world_from_other": [
        [
          0.7802322348354651,
          -0.10159478422146057,
          0.617184056455326,
          -1.3544238758025813
        ],
        [
          0.39163080226839436,
          0.8487211134611955,
          -0.35538399834517426,
          0.3619289637602171
        ],
        [
          -0.48771197897762364,
          0.5189903384304798,
          0.7019872179588077,
          -0.05289765613956454
        ],
        [
          0.0,
          0.0,
          0.0,
          1.0
        ]
      ]
    },
    {
      "frame_index": 161,
      "pc_time_s": 1779881844.0795884,
      "bs4_reproj_rmse": 0.0002862589608412236,
      "bs10_reproj_rmse": 0.00011545309098437428,
      "relative_distance_m": 1.2981927819179766,
      "transform_world_from_other": [
        [
          0.7901377357376093,
          0.09322442403238751,
          0.6057982876562743,
          -1.0934029516579589
        ],
        [
          0.25528158964925823,
          0.8485079477474855,
          -0.46353594531114645,
          0.47283681053097293
        ],
        [
          -0.5572375333281061,
          0.5209063921408335,
          0.6466396694274394,
          0.5159455736184733
        ],
        [
          0.0,
          0.0,
          0.0,
          1.0
        ]
      ]
    },
    {
      "frame_index": 177,
      "pc_time_s": 1779881848.1083708,
      "bs4_reproj_rmse": 2.4118347937474027e-05,
      "bs10_reproj_rmse": 0.0002075880765914917,
      "relative_distance_m": 1.2555115805779367,
      "transform_world_from_other": [
        [
          0.7311968272155728,
          -0.1949977378432574,
          0.6537025945381378,
          -1.2491687346155749
        ],
        [
          0.30254549174884104,
          0.9515720945581886,
          -0.05455982295237782,
          -0.05361040047395113
        ],
        [
          -0.6114061050499354,
          0.23766874235825616,
          0.7547821828935238,
          0.11407333774925199
        ],
        [
          0.0,
          0.0,
          0.0,
          1.0
        ]
      ]
    },
    {
      "frame_index": 178,
      "pc_time_s": 1779881848.359235,
      "bs4_reproj_rmse": 0.0007823397172614932,
      "bs10_reproj_rmse": 0.00015049304056447,
      "relative_distance_m": 0.6377138687637942,
      "transform_world_from_other": [
        [
          0.9536910355777879,
          -0.07127942033777458,
          0.29222021301559237,
          -0.593777209988128
        ],
        [
          0.10849785843170864,
          0.987631946187913,
          -0.11318725009827026,
          0.07566859510869056
        ],
        [
          -0.28053809611940456,
          0.13965093306307083,
          0.9496293979865587,
          -0.21995878483633557
        ],
        [
          0.0,
          0.0,
          0.0,
          1.0
        ]
      ]
    },
    {
      "frame_index": 179,
      "pc_time_s": 1779881848.6111562,
      "bs4_reproj_rmse": 0.0004872387507930398,
      "bs10_reproj_rmse": 0.0002827764838002622,
      "relative_distance_m": 1.0336118357995985,
      "transform_world_from_other": [
        [
          0.8507086633554796,
          -0.11832645771047291,
          0.5121460919480159,
          -1.0240339315675115
        ],
        [
          0.2016636313596994,
          0.9732450186515208,
          -0.11011772544336584,
          0.07337646760287475
        ],
        [
          -0.4854137924274023,
          0.1969593437125869,
          0.8518101120822376,
          -0.11968219627632837
        ],
        [
          0.0,
          0.0,
          0.0,
          1.0
        ]
      ]
    },
    {
      "frame_index": 181,
      "pc_time_s": 1779881849.1152122,
      "bs4_reproj_rmse": 0.00013391405809670687,
      "bs10_reproj_rmse": 0.0002981814614031464,
      "relative_distance_m": 0.9746158093946071,
      "transform_world_from_other": [
        [
          0.8611894588760227,
          -0.20852810150814394,
          0.463539369204205,
          -0.9124002627106225
        ],
        [
          0.19032583307804313,
          0.9779179047528076,
          0.08632872538748261,
          -0.30307721361720774
        ],
        [
          -0.47130541391328384,
          0.013878128306358003,
          0.8818608758589647,
          -0.1598309704454104
        ],
        [
          0.0,
          0.0,
          0.0,
          1.0
        ]
      ]
    },
    {
      "frame_index": 182,
      "pc_time_s": 1779881849.368661,
      "bs4_reproj_rmse": 0.0007207111339084804,
      "bs10_reproj_rmse": 1.931604856508784e-05,
      "relative_distance_m": 0.8719968555333077,
      "transform_world_from_other": [
        [
          0.9152329604418847,
          -0.03974365238309122,
          0.40096018532522076,
          -0.8103129891401512
        ],
        [
          0.12437470022078352,
          0.9743941911310423,
          -0.18731495998737488,
          0.23127212115108023
        ],
        [
          -0.38324869479983054,
          0.2213061282145924,
          0.8967407850370654,
          -0.22424223881554872
        ],
        [
          0.0,
          0.0,
          0.0,
          1.0
        ]
      ]
    },
    {
      "frame_index": 183,
      "pc_time_s": 1779881849.6210706,
      "bs4_reproj_rmse": 0.0013809691881760955,
      "bs10_reproj_rmse": 0.00016259921540040523,
      "relative_distance_m": 0.8962431940944986,
      "transform_world_from_other": [
        [
          0.9276377238637209,
          0.0009813640666675248,
          0.37347997294300034,
          -0.7578144085757867
        ],
        [
          0.11206567540815374,
          0.9531865930214474,
          -0.28084978775046443,
          0.4086658398784473
        ],
        [
          -0.35627171886111025,
          0.30238114327572607,
          0.8841018643408776,
          -0.2489205022333092
        ],
        [
          0.0,
          0.0,
          0.0,
          1.0
        ]
      ]
    },
    {
      "frame_index": 184,
      "pc_time_s": 1779881849.872378,
      "bs4_reproj_rmse": 0.0010329526849091053,
      "bs10_reproj_rmse": 0.000295694189844653,
      "relative_distance_m": 1.0235498855567702,
      "transform_world_from_other": [
        [
          0.8762149960837844,
          -0.05119930327454253,
          0.4791929798965092,
          -0.9432207160896933
        ],
        [
          0.2070420576204589,
          0.9378926479228494,
          -0.2783719945478589,
          0.38444860084696125
        ],
        [
          -0.4351791206091827,
          0.34312681666763967,
          0.8323960119254245,
          -0.10093721944524536
        ],
        [
          0.0,
          0.0,
          0.0,
          1.0
        ]
      ]
    },
    {
      "frame_index": 185,
      "pc_time_s": 1779881850.1239336,
      "bs4_reproj_rmse": 0.00023318245075643063,
      "bs10_reproj_rmse": 8.850596350384876e-05,
      "relative_distance_m": 1.049595232630373,
      "transform_world_from_other": [
        [
          0.8465209810396157,
          -0.13032266587383493,
          0.5161571770490692,
          -1.0318728466478606
        ],
        [
          0.2201191544376793,
          0.9684944233398007,
          -0.11647364426920369,
          0.08294457022482614
        ],
        [
          -0.48471619171363406,
          0.21221346498100618,
          0.8485373643932171,
          -0.1732304216396947
        ],
        [
          0.0,
          0.0,
          0.0,
          1.0
        ]
      ]
    },
    {
      "frame_index": 186,
      "pc_time_s": 1779881850.3795037,
      "bs4_reproj_rmse": 0.0004756067937705666,
      "bs10_reproj_rmse": 0.0001363797637168318,
      "relative_distance_m": 1.062008583569923,
      "transform_world_from_other": [
        [
          0.8305906844925022,
          -0.17478341286550678,
          0.5287436745922951,
          -1.0568691245024693
        ],
        [
          0.23097847070122196,
          0.9720731223196111,
          -0.04150651679347453,
          -0.05808326130029385
        ],
        [
          -0.5067228640063538,
          0.15660333154466424,
          0.8477660854518246,
          -0.08669613605172799
        ],
        [
          0.0,
          0.0,
          0.0,
          1.0
        ]
      ]
    },
    {
      "frame_index": 224,
      "pc_time_s": 1779881859.9555845,
      "bs4_reproj_rmse": 0.0016645987052470446,
      "bs10_reproj_rmse": 0.00012288712605368346,
      "relative_distance_m": 2.0585360176269307,
      "transform_world_from_other": [
        [
          0.7560202302903011,
          0.11530433916475752,
          0.6443122851238978,
          -1.4198058230886341
        ],
        [
          0.5348267106011977,
          0.45867050815145827,
          -0.7096349445874169,
          1.3341581714644466
        ],
        [
          -0.3773510315598767,
          0.881093794281779,
          0.2850963427665029,
          0.6646381978983712
        ],
        [
          0.0,
          0.0,
          0.0,
          1.0
        ]
      ]
    }
  ]
}
