{
  "description": "Relative Lighthouse calibration from LH2A wave PnP. BS4 is the world/reference frame.",
  "input_wave": "config\\lh2a_wave_record.json",
  "world_bs": 4,
  "other_bs": 10,
  "transform_world_from_other": [
    [
      0.8684068688219915,
      -0.13418013037695192,
      0.47735228374315947,
      -0.9443767216813315
    ],
    [
      0.215651757842947,
      0.9690791557193621,
      -0.11991625948759635,
      0.07930658266675836
    ],
    [
      -0.446501768778168,
      0.2070779625220264,
      0.8704911762422953,
      -0.13975658336086938
    ],
    [
      0.0,
      0.0,
      0.0,
      1.0
    ]
  ],
  "counters": {
    "frames_total": 239,
    "missing_or_unsolved": 150,
    "reproj_rejected": 0,
    "distance_rejected": 10,
    "used": 79
  },
  "num_transforms_total": 79,
  "num_transforms_used": 18,
  "cluster": {
    "translation_radius_m": 0.45,
    "rotation_radius_deg": 18.0,
    "clustered_count": 18
  },
  "quality": {
    "translation_median_error_m": 0.25259776155127533,
    "translation_p95_error_m": 0.40867949830572037,
    "rotation_median_error_deg": 8.38602267533755,
    "rotation_p95_error_deg": 13.474611781922624,
    "distance_m": 0.9579503270527977
  },
  "frames": [
    {
      "frame_index": 5,
      "pc_time_s": 1779881804.7888799,
      "bs4_reproj_rmse": 0.0010963643435388803,
      "bs10_reproj_rmse": 0.00017382216174155474,
      "relative_distance_m": 1.5621419080345211,
      "transform_world_from_other": [
        [
          0.666803663036001,
          -0.07137903086869264,
          0.7418071911986415,
          -1.5062485032293549
        ],
        [
          0.328221159752826,
          0.921789405828327,
          -0.20633749439491172,
          0.41313220377600496
        ],
        [
          -0.6690618396323927,
          0.3810634136924018,
          0.6380806606478626,
          -0.028715319260702366
        ],
        [
          0.0,
          0.0,
          0.0,
          1.0
        ]
      ]
    },
    {
      "frame_index": 6,
      "pc_time_s": 1779881805.04197,
      "bs4_reproj_rmse": 0.0002425141865387559,
      "bs10_reproj_rmse": 0.0008692520787008107,
      "relative_distance_m": 0.43597862196380277,
      "transform_world_from_other": [
        [
          0.9630739893020152,
          -0.18092012372995978,
          0.19939006986166125,
          -0.2765627722180053
        ],
        [
          0.227811891013371,
          0.9422860791531198,
          -0.24535420792632234,
          0.329048875901182
        ],
        [
          -0.1434929734963149,
          0.2817176846841126,
          0.9487069688230448,
          0.07291933283236163
        ],
        [
          0.0,
          0.0,
          0.0,
          1.0
        ]
      ]
    },
    {
      "frame_index": 7,
      "pc_time_s": 1779881805.2936916,
      "bs4_reproj_rmse": 3.0374440029845573e-05,
      "bs10_reproj_rmse": 0.0002871258184313774,
      "relative_distance_m": 0.29426270129215687,
      "transform_world_from_other": [
        [
          0.9817444582093591,
          -0.09151341142984408,
          0.1667426589199208,
          -0.1739169014132807
        ],
        [
          0.11514711324257165,
          0.9837056402399988,
          -0.1380737327369584,
          0.12546342935852794
        ],
        [
          -0.1513900957365288,
          0.15475305776780865,
          0.9762850659640343,
          -0.20150031431280202
        ],
        [
          0.0,
          0.0,
          0.0,
          1.0
        ]
      ]
    },
    {
      "frame_index": 9,
      "pc_time_s": 1779881805.7962599,
      "bs4_reproj_rmse": 0.0004233768268022686,
      "bs10_reproj_rmse": 0.00039239649777300656,
      "relative_distance_m": 1.5219098064130188,
      "transform_world_from_other": [
        [
          0.8094517945382003,
          -0.0010824772508912677,
          -0.5871853374888454,
          1.4156596827029015
        ],
        [
          0.11786496627514233,
          0.9799448004809317,
          0.1606736995757168,
          -0.4744844059789002
        ],
        [
          0.5752352927662276,
          -0.19926619445703642,
          0.7933456634423383,
          0.2949265503620897
        ],
        [
          0.0,
          0.0,
          0.0,
          1.0
        ]
      ]
    },
    {
      "frame_index": 14,
      "pc_time_s": 1779881807.0583007,
      "bs4_reproj_rmse": 3.708179428940639e-05,
      "bs10_reproj_rmse": 0.00031065233633853495,
      "relative_distance_m": 1.544769420625439,
      "transform_world_from_other": [
        [
          0.8615648053721557,
          -0.1419490585852548,
          -0.4873977337973575,
          1.3743850766623409
        ],
        [
          0.2847978272869135,
          0.9299400130945296,
          0.23259787105302518,
          -0.6984654949265028
        ],
        [
          0.42023360612484684,
          -0.33920795511383023,
          0.8416303698600712,
          -0.09759188667292484
        ],
        [
          0.0,
          0.0,
          0.0,
          1.0
        ]
      ]
    },
    {
      "frame_index": 15,
      "pc_time_s": 1779881807.309414,
      "bs4_reproj_rmse": 6.436099647544324e-05,
      "bs10_reproj_rmse": 0.0003980279725510627,
      "relative_distance_m": 1.2022282231426904,
      "transform_world_from_other": [
        [
          0.8963019159872402,
          -0.1945200546169661,
          -0.3985032292835457,
          1.1564842981485493
        ],
        [
          0.19922771309893655,
          0.9794933085237764,
          -0.030019608433719213,
          -0.06446680971295828
        ],
        [
          0.3961706623804564,
          -0.05248625447637275,
          0.9166755147597604,
          -0.32208818528800665
        ],
        [
          0.0,
          0.0,
          0.0,
          1.0
        ]
      ]
    },
    {
      "frame_index": 16,
      "pc_time_s": 1779881807.5604548,
      "bs4_reproj_rmse": 0.0006144350045360625,
      "bs10_reproj_rmse": 0.0002304142399225384,
      "relative_distance_m": 1.8738225423528647,
      "transform_world_from_other": [
        [
          0.7010661034042177,
          -0.031043934233871185,
          -0.7124202361000906,
          1.7373068219571188
        ],
        [
          0.2902253301670973,
          0.924986730916466,
          0.24529330475548633,
          -0.6683430778966384
        ],
        [
          0.6513643960081219,
          -0.3787292195959425,
          0.6574865792069234,
          0.2151591430515032
        ],
        [
          0.0,
          0.0,
          0.0,
          1.0
        ]
      ]
    },
    {
      "frame_index": 17,
      "pc_time_s": 1779881807.8118794,
      "bs4_reproj_rmse": 0.0006586395320482552,
      "bs10_reproj_rmse": 0.0003342438139952719,
      "relative_distance_m": 1.4497508604722638,
      "transform_world_from_other": [
        [
          0.9570602442242535,
          -0.12424678968370867,
          -0.2619130088000683,
          0.7409042903420678
        ],
        [
          0.23572137446331665,
          0.8594398398686725,
          0.4536503006365538,
          -1.1923535822336266
        ],
        [
          0.1687338808495118,
          -0.49590916194380114,
          0.8518233270776634,
          -0.3621205944535937
        ],
        [
          0.0,
          0.0,
          0.0,
          1.0
        ]
      ]
    },
    {
      "frame_index": 24,
      "pc_time_s": 1779881809.580912,
      "bs4_reproj_rmse": 0.00029739949968643486,
      "bs10_reproj_rmse": 0.0001906531979329884,
      "relative_distance_m": 1.1442429203010798,
      "transform_world_from_other": [
        [
          0.8219888002144036,
          -0.2114967392723383,
          0.5287755115351439,
          -1.0600436468310526
        ],
        [
          0.13766171170496808,
          0.9747397450216905,
          0.17587405324694047,
          -0.423852300573418
        ],
        [
          -0.5526152960718178,
          -0.07177435999169879,
          0.8303401566799229,
          0.07712687450485145
        ],
        [
          0.0,
          0.0,
          0.0,
          1.0
        ]
      ]
    },
    {
      "frame_index": 25,
      "pc_time_s": 1779881809.832423,
      "bs4_reproj_rmse": 0.0006497474387288094,
      "bs10_reproj_rmse": 0.0004949716385453939,
      "relative_distance_m": 1.2462641675417683,
      "transform_world_from_other": [
        [
          0.7195443435946831,
          -0.477033146512835,
          0.504673473375568,
          -0.8996071075261391
        ],
        [
          0.21685559270886395,
          0.844733544573033,
          0.489284059196666,
          -0.8243083167299449
        ],
        [
          -0.6597193263136857,
          -0.2426203120127075,
          0.7112705495710283,
          0.2537660859076232
        ],
        [
          0.0,
          0.0,
          0.0,
          1.0
        ]
      ]
    },
    {
      "frame_index": 31,
      "pc_time_s": 1779881811.3466065,
      "bs4_reproj_rmse": 0.0002458847884554416,
      "bs10_reproj_rmse": 0.0013252092758193612,
      "relative_distance_m": 1.1233324722292024,
      "transform_world_from_other": [
        [
          0.9565285182972342,
          -0.04691466332340961,
          0.28784059485998276,
          -0.6849028432086959
        ],
        [
          -0.08543532853544934,
          0.898598891715228,
          0.4303729039405284,
          -0.8160769337192842
        ],
        [
          -0.27884403942372055,
          -0.43625571190921325,
          0.8555272967617383,
          0.3560932136120367
        ],
        [
          0.0,
          0.0,
          0.0,
          1.0
        ]
      ]
    },
    {
      "frame_index": 32,
      "pc_time_s": 1779881811.5977097,
      "bs4_reproj_rmse": 0.0006263022078201175,
      "bs10_reproj_rmse": 0.0008223885088227689,
      "relative_distance_m": 0.4159838072600962,
      "transform_world_from_other": [
        [
          0.9654092286336952,
          -0.11405501289647021,
          -0.23447062780246,
          0.08446677620629972
        ],
        [
          0.10007614754305728,
          0.9924635521288648,
          -0.07071677586468778,
          -0.0591713389472254
        ],
        [
          0.24076915492195822,
          0.04480571089651778,
          0.9695476586064369,
          0.4029970772438831
        ],
        [
          0.0,
          0.0,
          0.0,
          1.0
        ]
      ]
    },
    {
      "frame_index": 33,
      "pc_time_s": 1779881811.8517556,
      "bs4_reproj_rmse": 0.000508517085108906,
      "bs10_reproj_rmse": 0.00020563008729368448,
      "relative_distance_m": 0.8959868938502697,
      "transform_world_from_other": [
        [
          0.8216595907769554,
          -0.35755149201643593,
          -0.44388337144014195,
          0.432854687202438
        ],
        [
          0.17577464948608534,
          0.8997685960707207,
          -0.3993992315002228,
          0.494674526414743
        ],
        [
          0.5421981090729574,
          0.2501467650835106,
          0.8021519846238396,
          0.6088730956732147
        ],
        [
          0.0,
          0.0,
          0.0,
          1.0
        ]
      ]
    },
    {
      "frame_index": 34,
      "pc_time_s": 1779881812.102375,
      "bs4_reproj_rmse": 0.0007519724313169718,
      "bs10_reproj_rmse": 0.003135876264423132,
      "relative_distance_m": 1.2620028863024713,
      "transform_world_from_other": [
        [
          0.7619158030380764,
          -0.6138038680932633,
          -0.20671023340558592,
          0.0718765031489429
        ],
        [
          0.32519715680902783,
          0.6385599113693684,
          -0.6974869524193766,
          1.0005944751616895
        ],
        [
          0.5601170576622077,
          0.46420475127436267,
          0.6861361604012278,
          0.7656995165250864
        ],
        [
          0.0,
          0.0,
          0.0,
          1.0
        ]
      ]
    },
    {
      "frame_index": 42,
      "pc_time_s": 1779881814.113883,
      "bs4_reproj_rmse": 3.025533260370139e-05,
      "bs10_reproj_rmse": 5.2634812163887545e-05,
      "relative_distance_m": 0.9167186804598236,
      "transform_world_from_other": [
        [
          0.9447360350677559,
          -0.20552188976308328,
          0.25541060446400277,
          -0.3533406764949899
        ],
        [
          0.28761222801111314,
          0.8935005146932505,
          -0.34487104335009056,
          0.7964996971952683
        ],
        [
          -0.1573309579928238,
          0.3992713151118016,
          0.9032327422021151,
          -0.2848012250779637
        ],
        [
          0.0,
          0.0,
          0.0,
          1.0
        ]
      ]
    },
    {
      "frame_index": 46,
      "pc_time_s": 1779881815.1212542,
      "bs4_reproj_rmse": 0.00012497114948928356,
      "bs10_reproj_rmse": 0.0011577557306736708,
      "relative_distance_m": 1.1168050894308608,
      "transform_world_from_other": [
        [
          0.7375348739066643,
          -0.2354937100562605,
          0.6329178637828278,
          -0.9999469074670111
        ],
        [
          0.27713682082156105,
          0.9602170325555587,
          0.034328310985472545,
          -0.19311263515680083
        ],
        [
          -0.6158226143268845,
          0.1500865180958475,
          0.773457526157362,
          0.45833099411738476
        ],
        [
          0.0,
          0.0,
          0.0,
          1.0
        ]
      ]
    },
    {
      "frame_index": 49,
      "pc_time_s": 1779881815.8765576,
      "bs4_reproj_rmse": 0.0003507428045850247,
      "bs10_reproj_rmse": 0.0003154150617774576,
      "relative_distance_m": 1.3250668224945263,
      "transform_world_from_other": [
        [
          0.7179537970711779,
          -0.25087469815618846,
          0.6493105813831466,
          -1.292256380665033
        ],
        [
          0.271014614689725,
          0.9599364234221462,
          0.07122598972340094,
          -0.2930013238761897
        ],
        [
          -0.641165675855826,
          0.12483568725544646,
          0.7571807097990563,
          0.005074929856695887
        ],
        [
          0.0,
          0.0,
          0.0,
          1.0
        ]
      ]
    },
    {
      "frame_index": 50,
      "pc_time_s": 1779881816.129925,
      "bs4_reproj_rmse": 0.000454343156889081,
      "bs10_reproj_rmse": 4.84885968035087e-05,
      "relative_distance_m": 1.1305551933748428,
      "transform_world_from_other": [
        [
          0.8066662371895045,
          -0.17800735763090833,
          0.5635627404360477,
          -1.1009992230750931
        ],
        [
          0.2952768273062926,
          0.9474090179612251,
          -0.12340076151173879,
          0.18980042366430516
        ],
        [
          -0.5119581789897063,
          0.26595024593898975,
          0.8168043153966162,
          -0.17300738490515322
        ],
        [
          0.0,
          0.0,
          0.0,
          1.0
        ]
      ]
    },
    {
      "frame_index": 51,
      "pc_time_s": 1779881816.3808742,
      "bs4_reproj_rmse": 2.859129017451778e-05,
      "bs10_reproj_rmse": 2.539592605899088e-05,
      "relative_distance_m": 1.1293220162908564,
      "transform_world_from_other": [
        [
          0.8173298402059378,
          -0.10131985005437587,
          0.5671915199418054,
          -1.1162702687151844
        ],
        [
          0.19961434372039183,
          0.9732448524320454,
          -0.11379178790933794,
          0.12662700514430175
        ],
        [
          -0.5404868602380763,
          0.20622498684564225,
          0.8156869550939877,
          -0.11521503907893371
        ],
        [
          0.0,
          0.0,
          0.0,
          1.0
        ]
      ]
    },
    {
      "frame_index": 58,
      "pc_time_s": 1779881818.1437666,
      "bs4_reproj_rmse": 0.0014253455447033048,
      "bs10_reproj_rmse": 0.0005019280943088233,
      "relative_distance_m": 0.7958808294998868,
      "transform_world_from_other": [
        [
          0.8813949974332207,
          -0.2275671290484118,
          0.41395176080837864,
          -0.7391388011444331
        ],
        [
          0.28197221808019896,
          0.9565226170938996,
          -0.07453959497321168,
          0.06457084019756165
        ],
        [
          -0.378991459970573,
          0.18242172229342962,
          0.9072418577782183,
          -0.2879769678366293
        ],
        [
          0.0,
          0.0,
          0.0,
          1.0
        ]
      ]
    },
    {
      "frame_index": 65,
      "pc_time_s": 1779881819.905717,
      "bs4_reproj_rmse": 0.00089886540081352,
      "bs10_reproj_rmse": 0.00023434775357600302,
      "relative_distance_m": 1.2132716520661035,
      "transform_world_from_other": [
        [
          0.8173427713019227,
          -0.09566453509305022,
          0.5681541084300307,
          -1.1393162849332619
        ],
        [
          0.2793438970313822,
          0.9282592770982353,
          -0.2455640480045516,
          0.41654385290189855
        ],
        [
          -0.5039025514837302,
          0.3594203822913938,
          0.7854293140707793,
          -0.021856879986048572
        ],
        [
          0.0,
          0.0,
          0.0,
          1.0
        ]
      ]
    },
    {
      "frame_index": 66,
      "pc_time_s": 1779881820.158873,
      "bs4_reproj_rmse": 0.0009546423680149019,
      "bs10_reproj_rmse": 3.9470458432333544e-05,
      "relative_distance_m": 1.5895700307678484,
      "transform_world_from_other": [
        [
          0.883731983280669,
          -0.08715069444434949,
          0.4598070662622346,
          -0.9475839264388364
        ],
        [
          -0.16496051848280563,
          0.8614393812435216,
          0.48032303690814426,
          -1.2704260860720202
        ],
        [
          -0.4379564008765019,
          -0.5003268420749043,
          0.7469051091207332,
          -0.12179960959619196
        ],
        [
          0.0,
          0.0,
          0.0,
          1.0
        ]
      ]
    },
    {
      "frame_index": 73,
      "pc_time_s": 1779881821.9232738,
      "bs4_reproj_rmse": 0.0006752838380634785,
      "bs10_reproj_rmse": 0.000432303553679958,
      "relative_distance_m": 2.349711014934735,
      "transform_world_from_other": [
        [
          0.8274499584690295,
          0.4426584628308244,
          -0.34551418424408065,
          0.0492675870107977
        ],
        [
          0.16238309774109566,
          0.4003890026101648,
          0.9018427668706128,
          -1.2635194531101714
        ],
        [
          0.5375484125151954,
          -0.8023354235437251,
          0.25942161114545614,
          1.980462862612659
        ],
        [
          0.0,
          0.0,
          0.0,
          1.0
        ]
      ]
    },
    {
      "frame_index": 75,
      "pc_time_s": 1779881822.4270895,
      "bs4_reproj_rmse": 0.0003039396833628416,
      "bs10_reproj_rmse": 0.0009834490483626723,
      "relative_distance_m": 2.4230378111610267,
      "transform_world_from_other": [
        [
          0.680342493394299,
          0.6704834647679646,
          -0.2959493455893645,
          -0.19323872544966353
        ],
        [
          0.28156708110826184,
          0.13369973506913468,
          0.9501812246506536,
          -0.9927100935162898
        ],
        [
          0.6766491487604204,
          -0.729778256948772,
          -0.09782446098297756,
          2.201885033223462
        ],
        [
          0.0,
          0.0,
          0.0,
          1.0
        ]
      ]
    },
    {
      "frame_index": 77,
      "pc_time_s": 1779881822.9303403,
      "bs4_reproj_rmse": 0.0023239918518811464,
      "bs10_reproj_rmse": 0.0004552544269245118,
      "relative_distance_m": 2.425645590427243,
      "transform_world_from_other": [
        [
          0.8782661273678182,
          0.47687250210149096,
          -0.03523104111148744,
          -0.5421277340290649
        ],
        [
          -0.11729682656359876,
          0.28628275922072755,
          0.9509382925569232,
          -1.3272435309367254
        ],
        [
          0.4635623625753551,
          -0.8310444022508249,
          0.30736808144490996,
          1.956598747812707
        ],
        [
          0.0,
          0.0,
          0.0,
          1.0
        ]
      ]
    },
    {
      "frame_index": 80,
      "pc_time_s": 1779881823.68371,
      "bs4_reproj_rmse": 0.00040276715299114585,
      "bs10_reproj_rmse": 0.0010970869334414601,
      "relative_distance_m": 2.4021654948454985,
      "transform_world_from_other": [
        [
          0.6343264332858854,
          0.7530656571449837,
          -0.1747057299106167,
          -0.5098238768408816
        ],
        [
          -0.13917862396830907,
          0.3335446327177409,
          0.932404037215346,
          -1.36314813215726
        ],
        [
          0.7604336175269314,
          -0.5671332242198317,
          0.3163868191327244,
          1.911100690446588
        ],
        [
          0.0,
          0.0,
          0.0,
          1.0
        ]
      ]
    },
    {
      "frame_index": 81,
      "pc_time_s": 1779881823.935165,
      "bs4_reproj_rmse": 0.00012850461644120514,
      "bs10_reproj_rmse": 5.725670234824065e-06,
      "relative_distance_m": 2.1687303629665164,
      "transform_world_from_other": [
        [
          0.7189069235445271,
          0.6878087610733017,
          -0.10045866548264276,
          -0.41020408815240667
        ],
        [
          -0.2367647832995049,
          0.378181462193739,
          0.8949420199332156,
          -1.5017529099192584
        ],
        [
          0.6535405669649607,
          -0.6195949401373576,
          0.4347261637942929,
          1.5099212531999706
        ],
        [
          0.0,
          0.0,
          0.0,
          1.0
        ]
      ]
    },
    {
      "frame_index": 82,
      "pc_time_s": 1779881824.187839,
      "bs4_reproj_rmse": 0.0008858151850290596,
      "bs10_reproj_rmse": 0.00035728682996705174,
      "relative_distance_m": 1.7925132396764307,
      "transform_world_from_other": [
        [
          0.7679872907809319,
          0.5609772482143561,
          -0.30903082076843474,
          -0.010851026802944697
        ],
        [
          -0.15624601626773088,
          0.6320347757116597,
          0.7590251805385482,
          -1.3250480982223987
        ],
        [
          0.6211140825962871,
          -0.5346368573872924,
          0.5730451353284591,
          1.2071592716082744
        ],
        [
          0.0,
          0.0,
          0.0,
          1.0
        ]
      ]
    },
    {
      "frame_index": 83,
      "pc_time_s": 1779881824.439875,
      "bs4_reproj_rmse": 0.000855219317600131,
      "bs10_reproj_rmse": 0.0005859052180312574,
      "relative_distance_m": 2.02310747145092,
      "transform_world_from_other": [
        [
          0.6298338317624749,
          0.6825928082958874,
          -0.3706432279566599,
          0.03516419574090013
        ],
        [
          -0.11632563491707702,
          0.5546964413977422,
          0.823881183522127,
          -1.418069627732597
        ],
        [
          0.7679698503382394,
          -0.4757929339149706,
          0.42876962696539866,
          1.4424998617957523
        ],
        [
          0.0,
          0.0,
          0.0,
          1.0
        ]
      ]
    },
    {
      "frame_index": 84,
      "pc_time_s": 1779881824.6919882,
      "bs4_reproj_rmse": 0.0004265445750206709,
      "bs10_reproj_rmse": 0.0004245013406034559,
      "relative_distance_m": 0.6784511910087313,
      "transform_world_from_other": [
        [
          0.9410026208684495,
          0.14322854180306885,
          -0.30659362735007384,
          0.1758011943658896
        ],
        [
          -0.083754518442474,
          0.9763987677109571,
          0.1990744259140129,
          -0.522349887603714
        ],
        [
          0.32787077966659156,
          -0.16165095491673134,
          0.9307898369746687,
          0.39565206123699137
        ],
        [
          0.0,
          0.0,
          0.0,
          1.0
        ]
      ]
    },
    {
      "frame_index": 85,
      "pc_time_s": 1779881824.942807,
      "bs4_reproj_rmse": 8.296893065562472e-05,
      "bs10_reproj_rmse": 1.3035096344538033e-05,
      "relative_distance_m": 0.7301612529320027,
      "transform_world_from_other": [
        [
          0.8869385358835398,
          0.1532332607763206,
          -0.4357288163027768,
          0.40678761953880505
        ],
        [
          -0.11347644950302037,
          0.9867428376069798,
          0.1160244277706804,
          -0.4385432564048315
        ],
        [
          0.4477310900227405,
          -0.05346157707346004,
          0.8925686140593716,
          0.41873511929981544
        ],
        [
          0.0,
          0.0,
          0.0,
          1.0
        ]
      ]
    },
    {
      "frame_index": 96,
      "pc_time_s": 1779881827.7125325,
      "bs4_reproj_rmse": 0.0004158870142418891,
      "bs10_reproj_rmse": 6.439290154958144e-05,
      "relative_distance_m": 1.4185169031752425,
      "transform_world_from_other": [
        [
          0.8674793703580689,
          -0.17787921207112667,
          0.464584252763826,
          -0.9070462566217761
        ],
        [
          -0.07467969866190396,
          0.8767416240842448,
          0.47512847442127387,
          -1.081000975467602
        ],
        [
          -0.49183583095473504,
          -0.44685916182962504,
          0.7472713060716233,
          -0.1445482064240029
        ],
        [
          0.0,
          0.0,
          0.0,
          1.0
        ]
      ]
    },
    {
      "frame_index": 97,
      "pc_time_s": 1779881827.9649317,
      "bs4_reproj_rmse": 8.580691064707935e-05,
      "bs10_reproj_rmse": 0.00018065687618218362,
      "relative_distance_m": 1.4581283495092219,
      "transform_world_from_other": [
        [
          0.7210637163985947,
          -0.040717475739069996,
          0.6916713121583731,
          -1.269580083626071
        ],
        [
          -0.18741109129841652,
          0.9495985023492864,
          0.2512762766246135,
          -0.6647645973492038
        ],
        [
          -0.6670413778408235,
          -0.31081308129715346,
          0.67709011862734,
          0.2690589619649506
        ],
        [
          0.0,
          0.0,
          0.0,
          1.0
        ]
      ]
    },
    {
      "frame_index": 98,
      "pc_time_s": 1779881828.2155282,
      "bs4_reproj_rmse": 0.0008371279109269381,
      "bs10_reproj_rmse": 0.00077362748561427,
      "relative_distance_m": 2.5529321454945695,
      "transform_world_from_other": [
        [
          0.32289867609855194,
          -0.37214286555438314,
          0.8701989040390564,
          -1.9244708197341325
        ],
        [
          -0.26181218069627105,
          0.8484478551851408,
          0.45998980322480815,
          -1.1993655788408213
        ],
        [
          -0.9095003172142744,
          -0.3763587711860944,
          0.1765311540165856,
          1.1727731288630223
        ],
        [
          0.0,
          0.0,
          0.0,
          1.0
        ]
      ]
    },
    {
      "frame_index": 99,
      "pc_time_s": 1779881828.466526,
      "bs4_reproj_rmse": 0.0005595229449681938,
      "bs10_reproj_rmse": 0.0005344339297153056,
      "relative_distance_m": 2.516267979134903,
      "transform_world_from_other": [
        [
          0.36689372850334134,
          -0.23347920329278318,
          0.9004867870294845,
          -2.039326537041915
        ],
        [
          -0.3629657554797053,
          0.855340429204581,
          0.3696601283843988,
          -1.0415490394502336
        ],
        [
          -0.8565307071751508,
          -0.4624718497356251,
          0.22907408379855237,
          1.0430375911521956
        ],
        [
          0.0,
          0.0,
          0.0,
          1.0
        ]
      ]
    },
    {
      "frame_index": 102,
      "pc_time_s": 1779881829.2271245,
      "bs4_reproj_rmse": 0.000431052380008623,
      "bs10_reproj_rmse": 0.0022247186861932278,
      "relative_distance_m": 2.4867809586458245,
      "transform_world_from_other": [
        [
          0.6950191530160965,
          -0.5972266582525378,
          0.4003357286244815,
          -0.9444063661480506
        ],
        [
          0.08059653878555297,
          0.6180076486055103,
          0.7820298870253476,
          -2.251935131171047
        ],
        [
          -0.7144596383817472,
          -0.511260075634305,
          0.4776615540168879,
          0.47006841721192116
        ],
        [
          0.0,
          0.0,
          0.0,
          1.0
        ]
      ]
    },
    {
      "frame_index": 107,
      "pc_time_s": 1779881830.4862514,
      "bs4_reproj_rmse": 0.001037950860336423,
      "bs10_reproj_rmse": 1.3253094039100688e-05,
      "relative_distance_m": 2.5823665869139494,
      "transform_world_from_other": [
        [
          0.6262330762738638,
          -0.10036254038676058,
          0.7731490766130993,
          -1.6979732542317125
        ],
        [
          -0.6272938907690363,
          0.5240157103919528,
          0.576116229476536,
          -1.5599803007154573
        ],
        [
          -0.46296275096860307,
          -0.8457747310895095,
          0.2651991618879116,
          1.1627405035101688
        ],
        [
          0.0,
          0.0,
          0.0,
          1.0
        ]
      ]
    },
    {
      "frame_index": 108,
      "pc_time_s": 1779881830.737632,
      "bs4_reproj_rmse": 0.0004565203853417188,
      "bs10_reproj_rmse": 0.0004304424801375717,
      "relative_distance_m": 2.0612955029498528,
      "transform_world_from_other": [
        [
          0.8962807875096673,
          -0.23355106076796672,
          0.3770074958872948,
          -0.703365686486115
        ],
        [
          -0.12893814995986147,
          0.676147529567853,
          0.7253960792175663,
          -1.862877188383237
        ],
        [
          -0.42432971075094356,
          -0.6987692181782531,
          0.5759043985772064,
          0.5328268410624315
        ],
        [
          0.0,
          0.0,
          0.0,
          1.0
        ]
      ]
    },
    {
      "frame_index": 109,
      "pc_time_s": 1779881830.9889708,
      "bs4_reproj_rmse": 7.609754538862035e-05,
      "bs10_reproj_rmse": 5.092205901746638e-05,
      "relative_distance_m": 1.8893701209548965,
      "transform_world_from_other": [
        [
          0.8455541799524646,
          -0.11567700856228706,
          0.5212072125891913,
          -1.0789392982381676
        ],
        [
          -0.2425286045817717,
          0.7864791652162731,
          0.5680056325779982,
          -1.5206512722933085
        ],
        [
          -0.4756238058850003,
          -0.6066871948300818,
          0.63695576212534,
          0.3053344932155435
        ],
        [
          0.0,
          0.0,
          0.0,
          1.0
        ]
      ]
    },
    {
      "frame_index": 110,
      "pc_time_s": 1779881831.2405264,
      "bs4_reproj_rmse": 7.720681605860591e-05,
      "bs10_reproj_rmse": 4.9599701014813036e-05,
      "relative_distance_m": 2.1401676299454935,
      "transform_world_from_other": [
        [
          0.9787658682695761,
          -0.13106833426699066,
          0.1576022425696396,
          -0.19205347754703686
        ],
        [
          -0.07182128288159431,
          0.5008404744442132,
          0.8625546489838994,
          -1.9509233411315003
        ],
        [
          -0.1919871829986187,
          -0.8555582451890534,
          0.4807920659217278,
          0.8586798373415461
        ],
        [
          0.0,
          0.0,
          0.0,
          1.0
        ]
      ]
    },
    {
      "frame_index": 114,
      "pc_time_s": 1779881832.2451375,
      "bs4_reproj_rmse": 0.0022164054680615664,
      "bs10_reproj_rmse": 0.0009267452987842262,
      "relative_distance_m": 2.1958207712579223,
      "transform_world_from_other": [
        [
          0.8433939634729429,
          0.41821505994121505,
          -0.3373170408025161,
          0.5341340766758982
        ],
        [
          0.14727622277694405,
          0.4238164242372275,
          0.8936942165815589,
          -1.5623032938019223
        ],
        [
          0.5167168824239793,
          -0.8034150871032586,
          0.29585107948579004,
          1.4475973424253676
        ],
        [
          0.0,
          0.0,
          0.0,
          1.0
        ]
      ]
    },
    {
      "frame_index": 116,
      "pc_time_s": 1779881832.747092,
      "bs4_reproj_rmse": 0.001093776081688702,
      "bs10_reproj_rmse": 0.001267281244508922,
      "relative_distance_m": 2.3444445338012945,
      "transform_world_from_other": [
        [
          0.7006202791376778,
          0.4911404761404454,
          -0.517602412240881,
          0.5814148722283092
        ],
        [
          0.2653699786579108,
          0.49401866055997673,
          0.8279639711035899,
          -1.2682243172168077
        ],
        [
          0.6623518693928041,
          -0.7174444896401831,
          0.2157855541893267,
          1.8841401220828746
        ],
        [
          0.0,
          0.0,
          0.0,
          1.0
        ]
      ]
    },
    {
      "frame_index": 117,
      "pc_time_s": 1779881832.9982862,
      "bs4_reproj_rmse": 0.00026940408861264586,
      "bs10_reproj_rmse": 0.0004263949813321233,
      "relative_distance_m": 2.3569640979509936,
      "transform_world_from_other": [
        [
          0.9344360192255502,
          0.29644022237011214,
          -0.19736392916403298,
          0.24208294699757094
        ],
        [
          0.03851095257348025,
          0.46682857865074046,
          0.883508904701482,
          -1.6377442920357008
        ],
        [
          0.3540426987042526,
          -0.8331832167753309,
          0.4248052433505522,
          1.677637994236955
        ],
        [
          0.0,
          0.0,
          0.0,
          1.0
        ]
      ]
    },
    {
      "frame_index": 120,
      "pc_time_s": 1779881833.753601,
      "bs4_reproj_rmse": 0.00025650166207924485,
      "bs10_reproj_rmse": 0.00042594043770805,
      "relative_distance_m": 2.062938879421132,
      "transform_world_from_other": [
        [
          0.8237805067461073,
          0.5011922520944603,
          -0.26493773446908103,
          0.21953544120037405
        ],
        [
          -0.14294178197200316,
          0.6358698852494608,
          0.7584438911346743,
          -1.584949501693588
        ],
        [
          0.5485921287001797,
          -0.5869206211007756,
          0.5954585299203338,
          1.3020968041453442
        ],
        [
          0.0,
          0.0,
          0.0,
          1.0
        ]
      ]
    },
    {
      "frame_index": 121,
      "pc_time_s": 1779881834.006422,
      "bs4_reproj_rmse": 0.0008209486259147525,
      "bs10_reproj_rmse": 0.00015429613995365798,
      "relative_distance_m": 1.9307625299594948,
      "transform_world_from_other": [
        [
          0.9459873650032704,
          0.30021349733745506,
          -0.12239183498331664,
          0.06043264117012237
        ],
        [
          -0.11139590958321567,
          0.6555191916308348,
          0.7469173587029463,
          -1.555342737808185
        ],
        [
          0.304464869208744,
          -0.6929404342510772,
          0.6535554284049913,
          1.1424100887702857
        ],
        [
          0.0,
          0.0,
          0.0,
          1.0
        ]
      ]
    },
    {
      "frame_index": 122,
      "pc_time_s": 1779881834.2583158,
      "bs4_reproj_rmse": 0.0003775027871597558,
      "bs10_reproj_rmse": 0.00013181472604628652,
      "relative_distance_m": 1.364139492111073,
      "transform_world_from_other": [
        [
          0.9657161225039993,
          0.23690726104475818,
          -0.10614763492471874,
          0.07984178062053149
        ],
        [
          -0.15339000372198008,
          0.8506096991334697,
          0.5029260845275769,
          -1.2512627671539636
        ],
        [
          0.20943704900043708,
          -0.4694018421399083,
          0.8577867060648873,
          0.5374414680117316
        ],
        [
          0.0,
          0.0,
          0.0,
          1.0
        ]
      ]
    },
    {
      "frame_index": 124,
      "pc_time_s": 1779881834.7611668,
      "bs4_reproj_rmse": 9.865750325843692e-05,
      "bs10_reproj_rmse": 0.0005836107302457094,
      "relative_distance_m": 2.2778793487271907,
      "transform_world_from_other": [
        [
          0.9281093220984946,
          0.3191299184422423,
          0.1917529175499568,
          -0.5308077344496858
        ],
        [
          -0.3063377756013577,
          0.36187376417311856,
          0.8804570097641286,
          -1.756387824578319
        ],
        [
          0.21158982365294637,
          -0.8759015206963774,
          0.43361996329538266,
          1.3498441710357685
        ],
        [
          0.0,
          0.0,
          0.0,
          1.0
        ]
      ]
    },
    {
      "frame_index": 125,
      "pc_time_s": 1779881835.0125983,
      "bs4_reproj_rmse": 0.000325470813550055,
      "bs10_reproj_rmse": 5.972644066787325e-05,
      "relative_distance_m": 2.293818451965815,
      "transform_world_from_other": [
        [
          0.8619965186369446,
          0.2597817506468728,
          0.43528777135204955,
          -0.9935231281411864
        ],
        [
          -0.5063011493010857,
          0.39900022376802124,
          0.7644985072905434,
          -1.7506781125455733
        ],
        [
          0.024922842417907456,
          -0.8793817506998397,
          0.47546460274335584,
          1.0998368200243471
        ],
        [
